r_squared: 0.997
group_one: 572050.8638668576
group_two: 488867.11097521713
group_three: 237327.1346250673
