r_squared: 0.997
group_one: 614.3862129632993
group_two: 575.779147967693
group_three: 240.53445187164743
