local_time,temperature
2018-12-31 19:00:00-05:00,1.232
2018-12-31 20:00:00-05:00,1.294
2018-12-31 21:00:00-05:00,1.6059999999999999
2018-12-31 22:00:00-05:00,1.892
2018-12-31 23:00:00-05:00,2.296
2019-01-01 00:00:00-05:00,2.935
2019-01-01 01:00:00-05:00,3.641
2019-01-01 02:00:00-05:00,4.754
2019-01-01 03:00:00-05:00,5.54
2019-01-01 04:00:00-05:00,6.115
2019-01-01 05:00:00-05:00,6.786
2019-01-01 06:00:00-05:00,7.504
2019-01-01 07:00:00-05:00,8.253
2019-01-01 08:00:00-05:00,8.902
2019-01-01 09:00:00-05:00,9.245
2019-01-01 10:00:00-05:00,8.887
2019-01-01 11:00:00-05:00,7.658
2019-01-01 12:00:00-05:00,6.642
2019-01-01 13:00:00-05:00,5.923
2019-01-01 14:00:00-05:00,4.976
2019-01-01 15:00:00-05:00,3.711
2019-01-01 16:00:00-05:00,2.303
2019-01-01 17:00:00-05:00,1.482
2019-01-01 18:00:00-05:00,0.9530000000000001
2019-01-01 19:00:00-05:00,0.433
2019-01-01 20:00:00-05:00,-0.259
2019-01-01 21:00:00-05:00,-1.05
2019-01-01 22:00:00-05:00,-1.867
2019-01-01 23:00:00-05:00,-2.74
2019-01-02 00:00:00-05:00,-3.483
2019-01-02 01:00:00-05:00,-3.934
2019-01-02 02:00:00-05:00,-4.173
2019-01-02 03:00:00-05:00,-4.315
2019-01-02 04:00:00-05:00,-4.491
2019-01-02 05:00:00-05:00,-4.631
2019-01-02 06:00:00-05:00,-4.583
2019-01-02 07:00:00-05:00,-4.402
2019-01-02 08:00:00-05:00,-2.819
2019-01-02 09:00:00-05:00,-1.454
2019-01-02 10:00:00-05:00,-0.232
2019-01-02 11:00:00-05:00,0.809
2019-01-02 12:00:00-05:00,1.6019999999999999
2019-01-02 13:00:00-05:00,1.6880000000000002
2019-01-02 14:00:00-05:00,1.176
2019-01-02 15:00:00-05:00,-0.148
2019-01-02 16:00:00-05:00,-2.23
2019-01-02 17:00:00-05:00,-2.802
2019-01-02 18:00:00-05:00,-2.714
2019-01-02 19:00:00-05:00,-2.505
2019-01-02 20:00:00-05:00,-2.387
2019-01-02 21:00:00-05:00,-2.3810000000000002
2019-01-02 22:00:00-05:00,-2.022
2019-01-02 23:00:00-05:00,-1.365
2019-01-03 00:00:00-05:00,-0.64
2019-01-03 01:00:00-05:00,-0.266
2019-01-03 02:00:00-05:00,-0.097
2019-01-03 03:00:00-05:00,0.10300000000000001
2019-01-03 04:00:00-05:00,0.451
2019-01-03 05:00:00-05:00,0.734
2019-01-03 06:00:00-05:00,0.9470000000000001
2019-01-03 07:00:00-05:00,1.295
2019-01-03 08:00:00-05:00,1.873
2019-01-03 09:00:00-05:00,2.541
2019-01-03 10:00:00-05:00,3.342
2019-01-03 11:00:00-05:00,4.03
2019-01-03 12:00:00-05:00,4.253
2019-01-03 13:00:00-05:00,4.089
2019-01-03 14:00:00-05:00,3.477
2019-01-03 15:00:00-05:00,2.149
2019-01-03 16:00:00-05:00,-0.126
2019-01-03 17:00:00-05:00,-0.859
2019-01-03 18:00:00-05:00,-1.533
2019-01-03 19:00:00-05:00,-2.258
2019-01-03 20:00:00-05:00,-2.569
2019-01-03 21:00:00-05:00,-2.806
2019-01-03 22:00:00-05:00,-2.918
2019-01-03 23:00:00-05:00,-2.87
2019-01-04 00:00:00-05:00,-2.9130000000000003
2019-01-04 01:00:00-05:00,-2.904
2019-01-04 02:00:00-05:00,-2.872
2019-01-04 03:00:00-05:00,-2.7039999999999997
2019-01-04 04:00:00-05:00,-2.559
2019-01-04 05:00:00-05:00,-2.813
2019-01-04 06:00:00-05:00,-2.967
2019-01-04 07:00:00-05:00,-2.485
2019-01-04 08:00:00-05:00,-0.41000000000000003
2019-01-04 09:00:00-05:00,1.574
2019-01-04 10:00:00-05:00,3.082
2019-01-04 11:00:00-05:00,4.075
2019-01-04 12:00:00-05:00,4.745
2019-01-04 13:00:00-05:00,5.014
2019-01-04 14:00:00-05:00,4.563
2019-01-04 15:00:00-05:00,2.975
2019-01-04 16:00:00-05:00,1.099
2019-01-04 17:00:00-05:00,1.37
2019-01-04 18:00:00-05:00,1.205
2019-01-04 19:00:00-05:00,0.8
2019-01-04 20:00:00-05:00,0.796
2019-01-04 21:00:00-05:00,0.834
2019-01-04 22:00:00-05:00,1.034
2019-01-04 23:00:00-05:00,1.071
2019-01-05 00:00:00-05:00,1.071
2019-01-05 01:00:00-05:00,1.191
2019-01-05 02:00:00-05:00,1.334
2019-01-05 03:00:00-05:00,1.338
2019-01-05 04:00:00-05:00,1.52
2019-01-05 05:00:00-05:00,2.05
2019-01-05 06:00:00-05:00,2.4130000000000003
2019-01-05 07:00:00-05:00,2.635
2019-01-05 08:00:00-05:00,2.946
2019-01-05 09:00:00-05:00,3.184
2019-01-05 10:00:00-05:00,3.223
2019-01-05 11:00:00-05:00,3.513
2019-01-05 12:00:00-05:00,3.725
2019-01-05 13:00:00-05:00,3.165
2019-01-05 14:00:00-05:00,2.823
2019-01-05 15:00:00-05:00,2.438
2019-01-05 16:00:00-05:00,1.687
2019-01-05 17:00:00-05:00,1.5030000000000001
2019-01-05 18:00:00-05:00,1.545
2019-01-05 19:00:00-05:00,1.407
2019-01-05 20:00:00-05:00,1.08
2019-01-05 21:00:00-05:00,0.791
2019-01-05 22:00:00-05:00,0.656
2019-01-05 23:00:00-05:00,0.447
2019-01-06 00:00:00-05:00,0.241
2019-01-06 01:00:00-05:00,-0.003
2019-01-06 02:00:00-05:00,-0.261
2019-01-06 03:00:00-05:00,-0.6950000000000001
2019-01-06 04:00:00-05:00,-0.845
2019-01-06 05:00:00-05:00,-1.138
2019-01-06 06:00:00-05:00,-1.2650000000000001
2019-01-06 07:00:00-05:00,-0.893
2019-01-06 08:00:00-05:00,0.725
2019-01-06 09:00:00-05:00,2.6
2019-01-06 10:00:00-05:00,4.239
2019-01-06 11:00:00-05:00,5.109
2019-01-06 12:00:00-05:00,4.991
2019-01-06 13:00:00-05:00,4.322
2019-01-06 14:00:00-05:00,3.477
2019-01-06 15:00:00-05:00,2.31
2019-01-06 16:00:00-05:00,0.9440000000000001
2019-01-06 17:00:00-05:00,-0.14
2019-01-06 18:00:00-05:00,-1.188
2019-01-06 19:00:00-05:00,-2.17
2019-01-06 20:00:00-05:00,-3.078
2019-01-06 21:00:00-05:00,-4.173
2019-01-06 22:00:00-05:00,-5.077
2019-01-06 23:00:00-05:00,-5.758
2019-01-07 00:00:00-05:00,-6.357
2019-01-07 01:00:00-05:00,-6.845
2019-01-07 02:00:00-05:00,-7.306
2019-01-07 03:00:00-05:00,-7.749
2019-01-07 04:00:00-05:00,-8.139
2019-01-07 05:00:00-05:00,-8.503
2019-01-07 06:00:00-05:00,-8.738
2019-01-07 07:00:00-05:00,-8.714
2019-01-07 08:00:00-05:00,-7.69
2019-01-07 09:00:00-05:00,-6.727
2019-01-07 10:00:00-05:00,-5.92
2019-01-07 11:00:00-05:00,-5.163
2019-01-07 12:00:00-05:00,-4.6370000000000005
2019-01-07 13:00:00-05:00,-4.18
2019-01-07 14:00:00-05:00,-3.975
2019-01-07 15:00:00-05:00,-4.183
2019-01-07 16:00:00-05:00,-4.858
2019-01-07 17:00:00-05:00,-4.839
2019-01-07 18:00:00-05:00,-4.746
2019-01-07 19:00:00-05:00,-4.739
2019-01-07 20:00:00-05:00,-4.559
2019-01-07 21:00:00-05:00,-4.457
2019-01-07 22:00:00-05:00,-4.192
2019-01-07 23:00:00-05:00,-3.9779999999999998
2019-01-08 00:00:00-05:00,-3.735
2019-01-08 01:00:00-05:00,-3.284
2019-01-08 02:00:00-05:00,-2.752
2019-01-08 03:00:00-05:00,-2.279
2019-01-08 04:00:00-05:00,-1.609
2019-01-08 05:00:00-05:00,-1.123
2019-01-08 06:00:00-05:00,-0.56
2019-01-08 07:00:00-05:00,0.275
2019-01-08 08:00:00-05:00,1.175
2019-01-08 09:00:00-05:00,1.85
2019-01-08 10:00:00-05:00,2.274
2019-01-08 11:00:00-05:00,2.727
2019-01-08 12:00:00-05:00,3.095
2019-01-08 13:00:00-05:00,3.2439999999999998
2019-01-08 14:00:00-05:00,2.887
2019-01-08 15:00:00-05:00,2.446
2019-01-08 16:00:00-05:00,2.004
2019-01-08 17:00:00-05:00,1.927
2019-01-08 18:00:00-05:00,1.9689999999999999
2019-01-08 19:00:00-05:00,1.838
2019-01-08 20:00:00-05:00,1.7610000000000001
2019-01-08 21:00:00-05:00,1.691
2019-01-08 22:00:00-05:00,1.6139999999999999
2019-01-08 23:00:00-05:00,1.466
2019-01-09 00:00:00-05:00,1.471
2019-01-09 01:00:00-05:00,1.537
2019-01-09 02:00:00-05:00,1.788
2019-01-09 03:00:00-05:00,1.229
2019-01-09 04:00:00-05:00,1.615
2019-01-09 05:00:00-05:00,1.3559999999999999
2019-01-09 06:00:00-05:00,1.46
2019-01-09 07:00:00-05:00,1.57
2019-01-09 08:00:00-05:00,2.055
2019-01-09 09:00:00-05:00,2.6870000000000003
2019-01-09 10:00:00-05:00,3.101
2019-01-09 11:00:00-05:00,3.348
2019-01-09 12:00:00-05:00,3.545
2019-01-09 13:00:00-05:00,3.61
2019-01-09 14:00:00-05:00,3.229
2019-01-09 15:00:00-05:00,2.404
2019-01-09 16:00:00-05:00,1.279
2019-01-09 17:00:00-05:00,0.465
2019-01-09 18:00:00-05:00,-0.269
2019-01-09 19:00:00-05:00,-0.847
2019-01-09 20:00:00-05:00,-1.226
2019-01-09 21:00:00-05:00,-1.53
2019-01-09 22:00:00-05:00,-1.784
2019-01-09 23:00:00-05:00,-1.9
2019-01-10 00:00:00-05:00,-1.869
2019-01-10 01:00:00-05:00,-1.8090000000000002
2019-01-10 02:00:00-05:00,-1.811
2019-01-10 03:00:00-05:00,-1.819
2019-01-10 04:00:00-05:00,-1.79
2019-01-10 05:00:00-05:00,-1.7610000000000001
2019-01-10 06:00:00-05:00,-1.8559999999999999
2019-01-10 07:00:00-05:00,-2.014
2019-01-10 08:00:00-05:00,-1.851
2019-01-10 09:00:00-05:00,-1.816
2019-01-10 10:00:00-05:00,-1.908
2019-01-10 11:00:00-05:00,-2.123
2019-01-10 12:00:00-05:00,-2.252
2019-01-10 13:00:00-05:00,-2.365
2019-01-10 14:00:00-05:00,-2.576
2019-01-10 15:00:00-05:00,-3.079
2019-01-10 16:00:00-05:00,-3.825
2019-01-10 17:00:00-05:00,-4.334
2019-01-10 18:00:00-05:00,-4.723
2019-01-10 19:00:00-05:00,-5.016
2019-01-10 20:00:00-05:00,-5.308
2019-01-10 21:00:00-05:00,-5.59
2019-01-10 22:00:00-05:00,-5.867
2019-01-10 23:00:00-05:00,-6.147
2019-01-11 00:00:00-05:00,-6.475
2019-01-11 01:00:00-05:00,-6.823
2019-01-11 02:00:00-05:00,-7.23
2019-01-11 03:00:00-05:00,-7.678
2019-01-11 04:00:00-05:00,-8.15
2019-01-11 05:00:00-05:00,-8.648
2019-01-11 06:00:00-05:00,-9.051
2019-01-11 07:00:00-05:00,-9.228
2019-01-11 08:00:00-05:00,-8.63
2019-01-11 09:00:00-05:00,-7.656
2019-01-11 10:00:00-05:00,-6.679
2019-01-11 11:00:00-05:00,-5.784
2019-01-11 12:00:00-05:00,-5.143
2019-01-11 13:00:00-05:00,-5.017
2019-01-11 14:00:00-05:00,-5.396
2019-01-11 15:00:00-05:00,-6.343
2019-01-11 16:00:00-05:00,-7.73
2019-01-11 17:00:00-05:00,-8.775
2019-01-11 18:00:00-05:00,-9.62
2019-01-11 19:00:00-05:00,-10.237
2019-01-11 20:00:00-05:00,-10.73
2019-01-11 21:00:00-05:00,-11.02
2019-01-11 22:00:00-05:00,-11.317
2019-01-11 23:00:00-05:00,-11.627
2019-01-12 00:00:00-05:00,-11.826
2019-01-12 01:00:00-05:00,-11.893
2019-01-12 02:00:00-05:00,-11.895
2019-01-12 03:00:00-05:00,-11.894
2019-01-12 04:00:00-05:00,-11.907
2019-01-12 05:00:00-05:00,-11.861
2019-01-12 06:00:00-05:00,-11.808
2019-01-12 07:00:00-05:00,-11.396
2019-01-12 08:00:00-05:00,-9.336
2019-01-12 09:00:00-05:00,-7.292
2019-01-12 10:00:00-05:00,-5.555
2019-01-12 11:00:00-05:00,-4.134
2019-01-12 12:00:00-05:00,-3.155
2019-01-12 13:00:00-05:00,-2.674
2019-01-12 14:00:00-05:00,-2.801
2019-01-12 15:00:00-05:00,-3.555
2019-01-12 16:00:00-05:00,-5.591
2019-01-12 17:00:00-05:00,-6.536
2019-01-12 18:00:00-05:00,-6.849
2019-01-12 19:00:00-05:00,-7.271
2019-01-12 20:00:00-05:00,-7.485
2019-01-12 21:00:00-05:00,-7.498
2019-01-12 22:00:00-05:00,-7.474
2019-01-12 23:00:00-05:00,-7.428
2019-01-13 00:00:00-05:00,-7.556
2019-01-13 01:00:00-05:00,-7.733
2019-01-13 02:00:00-05:00,-7.928
2019-01-13 03:00:00-05:00,-8.151
2019-01-13 04:00:00-05:00,-8.379
2019-01-13 05:00:00-05:00,-8.631
2019-01-13 06:00:00-05:00,-8.815
2019-01-13 07:00:00-05:00,-8.896
2019-01-13 08:00:00-05:00,-8.381
2019-01-13 09:00:00-05:00,-7.325
2019-01-13 10:00:00-05:00,-5.823
2019-01-13 11:00:00-05:00,-4.334
2019-01-13 12:00:00-05:00,-3.166
2019-01-13 13:00:00-05:00,-2.582
2019-01-13 14:00:00-05:00,-2.658
2019-01-13 15:00:00-05:00,-3.5140000000000002
2019-01-13 16:00:00-05:00,-5.274
2019-01-13 17:00:00-05:00,-5.873
2019-01-13 18:00:00-05:00,-6.272
2019-01-13 19:00:00-05:00,-6.779
2019-01-13 20:00:00-05:00,-7.237
2019-01-13 21:00:00-05:00,-7.632
2019-01-13 22:00:00-05:00,-7.985
2019-01-13 23:00:00-05:00,-8.221
2019-01-14 00:00:00-05:00,-8.276
2019-01-14 01:00:00-05:00,-8.4
2019-01-14 02:00:00-05:00,-8.612
2019-01-14 03:00:00-05:00,-8.939
2019-01-14 04:00:00-05:00,-9.435
2019-01-14 05:00:00-05:00,-9.874
2019-01-14 06:00:00-05:00,-10.181
2019-01-14 07:00:00-05:00,-10.187
2019-01-14 08:00:00-05:00,-8.511
2019-01-14 09:00:00-05:00,-6.215
2019-01-14 10:00:00-05:00,-4.002
2019-01-14 11:00:00-05:00,-2.449
2019-01-14 12:00:00-05:00,-1.466
2019-01-14 13:00:00-05:00,-0.969
2019-01-14 14:00:00-05:00,-1.095
2019-01-14 15:00:00-05:00,-2.088
2019-01-14 16:00:00-05:00,-4.7379999999999995
2019-01-14 17:00:00-05:00,-5.97
2019-01-14 18:00:00-05:00,-6.605
2019-01-14 19:00:00-05:00,-7.261
2019-01-14 20:00:00-05:00,-7.73
2019-01-14 21:00:00-05:00,-8.045
2019-01-14 22:00:00-05:00,-8.29
2019-01-14 23:00:00-05:00,-8.445
2019-01-15 00:00:00-05:00,-8.564
2019-01-15 01:00:00-05:00,-8.677
2019-01-15 02:00:00-05:00,-8.826
2019-01-15 03:00:00-05:00,-9.035
2019-01-15 04:00:00-05:00,-9.253
2019-01-15 05:00:00-05:00,-9.431
2019-01-15 06:00:00-05:00,-9.58
2019-01-15 07:00:00-05:00,-9.23
2019-01-15 08:00:00-05:00,-7.214
2019-01-15 09:00:00-05:00,-4.824
2019-01-15 10:00:00-05:00,-2.9859999999999998
2019-01-15 11:00:00-05:00,-1.619
2019-01-15 12:00:00-05:00,-0.6950000000000001
2019-01-15 13:00:00-05:00,-0.244
2019-01-15 14:00:00-05:00,-0.35100000000000003
2019-01-15 15:00:00-05:00,-1.215
2019-01-15 16:00:00-05:00,-3.17
2019-01-15 17:00:00-05:00,-4.297
2019-01-15 18:00:00-05:00,-4.856
2019-01-15 19:00:00-05:00,-5.206
2019-01-15 20:00:00-05:00,-5.355
2019-01-15 21:00:00-05:00,-5.378
2019-01-15 22:00:00-05:00,-5.534
2019-01-15 23:00:00-05:00,-5.927
2019-01-16 00:00:00-05:00,-6.504
2019-01-16 01:00:00-05:00,-7.125
2019-01-16 02:00:00-05:00,-7.53
2019-01-16 03:00:00-05:00,-7.391
2019-01-16 04:00:00-05:00,-7.277
2019-01-16 05:00:00-05:00,-7.14
2019-01-16 06:00:00-05:00,-6.943
2019-01-16 07:00:00-05:00,-6.28
2019-01-16 08:00:00-05:00,-3.829
2019-01-16 09:00:00-05:00,-1.6920000000000002
2019-01-16 10:00:00-05:00,-0.394
2019-01-16 11:00:00-05:00,0.354
2019-01-16 12:00:00-05:00,0.9510000000000001
2019-01-16 13:00:00-05:00,1.292
2019-01-16 14:00:00-05:00,1.254
2019-01-16 15:00:00-05:00,0.685
2019-01-16 16:00:00-05:00,-0.342
2019-01-16 17:00:00-05:00,-0.675
2019-01-16 18:00:00-05:00,-0.8300000000000001
2019-01-16 19:00:00-05:00,-1.288
2019-01-16 20:00:00-05:00,-2.251
2019-01-16 21:00:00-05:00,-3.36
2019-01-16 22:00:00-05:00,-4.229
2019-01-16 23:00:00-05:00,-4.896
2019-01-17 00:00:00-05:00,-5.77
2019-01-17 01:00:00-05:00,-6.682
2019-01-17 02:00:00-05:00,-7.588
2019-01-17 03:00:00-05:00,-8.431
2019-01-17 04:00:00-05:00,-9.145
2019-01-17 05:00:00-05:00,-9.671
2019-01-17 06:00:00-05:00,-10.072
2019-01-17 07:00:00-05:00,-9.771
2019-01-17 08:00:00-05:00,-8.484
2019-01-17 09:00:00-05:00,-7.172
2019-01-17 10:00:00-05:00,-5.775
2019-01-17 11:00:00-05:00,-4.392
2019-01-17 12:00:00-05:00,-3.23
2019-01-17 13:00:00-05:00,-2.45
2019-01-17 14:00:00-05:00,-2.312
2019-01-17 15:00:00-05:00,-2.95
2019-01-17 16:00:00-05:00,-4.015
2019-01-17 17:00:00-05:00,-5.082
2019-01-17 18:00:00-05:00,-6.095
2019-01-17 19:00:00-05:00,-6.368
2019-01-17 20:00:00-05:00,-6.225
2019-01-17 21:00:00-05:00,-5.996
2019-01-17 22:00:00-05:00,-5.699
2019-01-17 23:00:00-05:00,-5.454
2019-01-18 00:00:00-05:00,-5.416
2019-01-18 01:00:00-05:00,-5.185
2019-01-18 02:00:00-05:00,-4.879
2019-01-18 03:00:00-05:00,-4.714
2019-01-18 04:00:00-05:00,-4.549
2019-01-18 05:00:00-05:00,-4.415
2019-01-18 06:00:00-05:00,-4.546
2019-01-18 07:00:00-05:00,-4.352
2019-01-18 08:00:00-05:00,-2.757
2019-01-18 09:00:00-05:00,-0.976
2019-01-18 10:00:00-05:00,1.088
2019-01-18 11:00:00-05:00,2.388
2019-01-18 12:00:00-05:00,2.781
2019-01-18 13:00:00-05:00,2.776
2019-01-18 14:00:00-05:00,2.469
2019-01-18 15:00:00-05:00,1.466
2019-01-18 16:00:00-05:00,-0.741
2019-01-18 17:00:00-05:00,-1.332
2019-01-18 18:00:00-05:00,-1.198
2019-01-18 19:00:00-05:00,-1.42
2019-01-18 20:00:00-05:00,-1.643
2019-01-18 21:00:00-05:00,-1.81
2019-01-18 22:00:00-05:00,-2.583
2019-01-18 23:00:00-05:00,-3.188
2019-01-19 00:00:00-05:00,-3.757
2019-01-19 01:00:00-05:00,-4.172
2019-01-19 02:00:00-05:00,-4.51
2019-01-19 03:00:00-05:00,-4.825
2019-01-19 04:00:00-05:00,-5.247
2019-01-19 05:00:00-05:00,-5.574
2019-01-19 06:00:00-05:00,-5.71
2019-01-19 07:00:00-05:00,-5.416
2019-01-19 08:00:00-05:00,-3.75
2019-01-19 09:00:00-05:00,-2.323
2019-01-19 10:00:00-05:00,-0.992
2019-01-19 11:00:00-05:00,-0.129
2019-01-19 12:00:00-05:00,0.355
2019-01-19 13:00:00-05:00,0.033
2019-01-19 14:00:00-05:00,-0.34600000000000003
2019-01-19 15:00:00-05:00,-0.838
2019-01-19 16:00:00-05:00,-1.463
2019-01-19 17:00:00-05:00,-1.7810000000000001
2019-01-19 18:00:00-05:00,-1.951
2019-01-19 19:00:00-05:00,-2.144
2019-01-19 20:00:00-05:00,-2.325
2019-01-19 21:00:00-05:00,-2.379
2019-01-19 22:00:00-05:00,-2.393
2019-01-19 23:00:00-05:00,-2.308
2019-01-20 00:00:00-05:00,-2.133
2019-01-20 01:00:00-05:00,-1.8439999999999999
2019-01-20 02:00:00-05:00,-1.311
2019-01-20 03:00:00-05:00,-0.401
2019-01-20 04:00:00-05:00,0.444
2019-01-20 05:00:00-05:00,1.37
2019-01-20 06:00:00-05:00,2.159
2019-01-20 07:00:00-05:00,2.725
2019-01-20 08:00:00-05:00,3.047
2019-01-20 09:00:00-05:00,3.385
2019-01-20 10:00:00-05:00,3.459
2019-01-20 11:00:00-05:00,3.455
2019-01-20 12:00:00-05:00,2.453
2019-01-20 13:00:00-05:00,0.178
2019-01-20 14:00:00-05:00,-3.757
2019-01-20 15:00:00-05:00,-7.798
2019-01-20 16:00:00-05:00,-9.313
2019-01-20 17:00:00-05:00,-9.852
2019-01-20 18:00:00-05:00,-11.032
2019-01-20 19:00:00-05:00,-12.418
2019-01-20 20:00:00-05:00,-13.784
2019-01-20 21:00:00-05:00,-14.842
2019-01-20 22:00:00-05:00,-15.628
2019-01-20 23:00:00-05:00,-16.292
2019-01-21 00:00:00-05:00,-16.804
2019-01-21 01:00:00-05:00,-17.296
2019-01-21 02:00:00-05:00,-17.768
2019-01-21 03:00:00-05:00,-18.232
2019-01-21 04:00:00-05:00,-18.749
2019-01-21 05:00:00-05:00,-19.227
2019-01-21 06:00:00-05:00,-19.563
2019-01-21 07:00:00-05:00,-19.734
2019-01-21 08:00:00-05:00,-19.493
2019-01-21 09:00:00-05:00,-19.032
2019-01-21 10:00:00-05:00,-18.578
2019-01-21 11:00:00-05:00,-18.119
2019-01-21 12:00:00-05:00,-17.696
2019-01-21 13:00:00-05:00,-17.316
2019-01-21 14:00:00-05:00,-17.112
2019-01-21 15:00:00-05:00,-17.117
2019-01-21 16:00:00-05:00,-17.237
2019-01-21 17:00:00-05:00,-17.223
2019-01-21 18:00:00-05:00,-17.067
2019-01-21 19:00:00-05:00,-16.919
2019-01-21 20:00:00-05:00,-16.892
2019-01-21 21:00:00-05:00,-16.829
2019-01-21 22:00:00-05:00,-16.734
2019-01-21 23:00:00-05:00,-16.628
2019-01-22 00:00:00-05:00,-16.521
2019-01-22 01:00:00-05:00,-16.52
2019-01-22 02:00:00-05:00,-16.644
2019-01-22 03:00:00-05:00,-16.826
2019-01-22 04:00:00-05:00,-16.96
2019-01-22 05:00:00-05:00,-17.015
2019-01-22 06:00:00-05:00,-17.201
2019-01-22 07:00:00-05:00,-17.21
2019-01-22 08:00:00-05:00,-15.417
2019-01-22 09:00:00-05:00,-13.158
2019-01-22 10:00:00-05:00,-11.044
2019-01-22 11:00:00-05:00,-9.151
2019-01-22 12:00:00-05:00,-7.715
2019-01-22 13:00:00-05:00,-6.802
2019-01-22 14:00:00-05:00,-6.491
2019-01-22 15:00:00-05:00,-7.062
2019-01-22 16:00:00-05:00,-9.893
2019-01-22 17:00:00-05:00,-10.8
2019-01-22 18:00:00-05:00,-10.233
2019-01-22 19:00:00-05:00,-9.769
2019-01-22 20:00:00-05:00,-9.617
2019-01-22 21:00:00-05:00,-10.02
2019-01-22 22:00:00-05:00,-10.664
2019-01-22 23:00:00-05:00,-10.76
2019-01-23 00:00:00-05:00,-10.548
2019-01-23 01:00:00-05:00,-9.824
2019-01-23 02:00:00-05:00,-9.043
2019-01-23 03:00:00-05:00,-7.895
2019-01-23 04:00:00-05:00,-7.0
2019-01-23 05:00:00-05:00,-6.441
2019-01-23 06:00:00-05:00,-5.644
2019-01-23 07:00:00-05:00,-4.663
2019-01-23 08:00:00-05:00,-3.23
2019-01-23 09:00:00-05:00,-1.434
2019-01-23 10:00:00-05:00,0.198
2019-01-23 11:00:00-05:00,1.298
2019-01-23 12:00:00-05:00,1.504
2019-01-23 13:00:00-05:00,1.239
2019-01-23 14:00:00-05:00,1.021
2019-01-23 15:00:00-05:00,0.9440000000000001
2019-01-23 16:00:00-05:00,0.9570000000000001
2019-01-23 17:00:00-05:00,1.297
2019-01-23 18:00:00-05:00,1.601
2019-01-23 19:00:00-05:00,2.177
2019-01-23 20:00:00-05:00,2.609
2019-01-23 21:00:00-05:00,3.3810000000000002
2019-01-23 22:00:00-05:00,3.888
2019-01-23 23:00:00-05:00,4.447
2019-01-24 00:00:00-05:00,4.902
2019-01-24 01:00:00-05:00,5.246
2019-01-24 02:00:00-05:00,5.757
2019-01-24 03:00:00-05:00,6.347
2019-01-24 04:00:00-05:00,6.683
2019-01-24 05:00:00-05:00,6.95
2019-01-24 06:00:00-05:00,7.247
2019-01-24 07:00:00-05:00,7.606
2019-01-24 08:00:00-05:00,7.965
2019-01-24 09:00:00-05:00,8.375
2019-01-24 10:00:00-05:00,8.955
2019-01-24 11:00:00-05:00,9.645
2019-01-24 12:00:00-05:00,10.626
2019-01-24 13:00:00-05:00,11.578
2019-01-24 14:00:00-05:00,11.629
2019-01-24 15:00:00-05:00,11.074
2019-01-24 16:00:00-05:00,8.228
2019-01-24 17:00:00-05:00,4.543
2019-01-24 18:00:00-05:00,2.119
2019-01-24 19:00:00-05:00,0.913
2019-01-24 20:00:00-05:00,-0.101
2019-01-24 21:00:00-05:00,-0.985
2019-01-24 22:00:00-05:00,-1.5390000000000001
2019-01-24 23:00:00-05:00,-1.897
2019-01-25 00:00:00-05:00,-2.187
2019-01-25 01:00:00-05:00,-2.406
2019-01-25 02:00:00-05:00,-2.624
2019-01-25 03:00:00-05:00,-2.984
2019-01-25 04:00:00-05:00,-3.511
2019-01-25 05:00:00-05:00,-3.774
2019-01-25 06:00:00-05:00,-3.895
2019-01-25 07:00:00-05:00,-3.018
2019-01-25 08:00:00-05:00,-0.923
2019-01-25 09:00:00-05:00,0.482
2019-01-25 10:00:00-05:00,1.237
2019-01-25 11:00:00-05:00,1.754
2019-01-25 12:00:00-05:00,1.933
2019-01-25 13:00:00-05:00,1.611
2019-01-25 14:00:00-05:00,0.9510000000000001
2019-01-25 15:00:00-05:00,0.025
2019-01-25 16:00:00-05:00,-1.148
2019-01-25 17:00:00-05:00,-2.017
2019-01-25 18:00:00-05:00,-2.682
2019-01-25 19:00:00-05:00,-3.299
2019-01-25 20:00:00-05:00,-3.782
2019-01-25 21:00:00-05:00,-4.158
2019-01-25 22:00:00-05:00,-4.6850000000000005
2019-01-25 23:00:00-05:00,-5.146
2019-01-26 00:00:00-05:00,-5.353
2019-01-26 01:00:00-05:00,-5.476
2019-01-26 02:00:00-05:00,-5.553
2019-01-26 03:00:00-05:00,-5.604
2019-01-26 04:00:00-05:00,-5.643
2019-01-26 05:00:00-05:00,-5.743
2019-01-26 06:00:00-05:00,-6.06
2019-01-26 07:00:00-05:00,-6.039
2019-01-26 08:00:00-05:00,-5.165
2019-01-26 09:00:00-05:00,-4.128
2019-01-26 10:00:00-05:00,-3.022
2019-01-26 11:00:00-05:00,-2.108
2019-01-26 12:00:00-05:00,-1.574
2019-01-26 13:00:00-05:00,-1.395
2019-01-26 14:00:00-05:00,-1.5510000000000002
2019-01-26 15:00:00-05:00,-1.9460000000000002
2019-01-26 16:00:00-05:00,-2.989
2019-01-26 17:00:00-05:00,-3.528
2019-01-26 18:00:00-05:00,-3.798
2019-01-26 19:00:00-05:00,-4.048
2019-01-26 20:00:00-05:00,-4.265
2019-01-26 21:00:00-05:00,-4.303
2019-01-26 22:00:00-05:00,-4.633
2019-01-26 23:00:00-05:00,-5.415
2019-01-27 00:00:00-05:00,-6.16
2019-01-27 01:00:00-05:00,-6.62
2019-01-27 02:00:00-05:00,-6.941
2019-01-27 03:00:00-05:00,-7.042
2019-01-27 04:00:00-05:00,-6.875
2019-01-27 05:00:00-05:00,-6.452
2019-01-27 06:00:00-05:00,-5.524
2019-01-27 07:00:00-05:00,-4.404
2019-01-27 08:00:00-05:00,-2.047
2019-01-27 09:00:00-05:00,0.462
2019-01-27 10:00:00-05:00,3.009
2019-01-27 11:00:00-05:00,4.603
2019-01-27 12:00:00-05:00,5.043
2019-01-27 13:00:00-05:00,4.8260000000000005
2019-01-27 14:00:00-05:00,4.464
2019-01-27 15:00:00-05:00,3.676
2019-01-27 16:00:00-05:00,2.674
2019-01-27 17:00:00-05:00,1.835
2019-01-27 18:00:00-05:00,1.415
2019-01-27 19:00:00-05:00,1.137
2019-01-27 20:00:00-05:00,0.963
2019-01-27 21:00:00-05:00,0.776
2019-01-27 22:00:00-05:00,0.34900000000000003
2019-01-27 23:00:00-05:00,-0.257
2019-01-28 00:00:00-05:00,-1.196
2019-01-28 01:00:00-05:00,-2.222
2019-01-28 02:00:00-05:00,-3.214
2019-01-28 03:00:00-05:00,-4.131
2019-01-28 04:00:00-05:00,-5.041
2019-01-28 05:00:00-05:00,-6.014
2019-01-28 06:00:00-05:00,-6.8260000000000005
2019-01-28 07:00:00-05:00,-7.035
2019-01-28 08:00:00-05:00,-6.299
2019-01-28 09:00:00-05:00,-5.337
2019-01-28 10:00:00-05:00,-4.305
2019-01-28 11:00:00-05:00,-3.346
2019-01-28 12:00:00-05:00,-2.668
2019-01-28 13:00:00-05:00,-2.252
2019-01-28 14:00:00-05:00,-2.232
2019-01-28 15:00:00-05:00,-2.831
2019-01-28 16:00:00-05:00,-4.15
2019-01-28 17:00:00-05:00,-5.147
2019-01-28 18:00:00-05:00,-5.647
2019-01-28 19:00:00-05:00,-6.303
2019-01-28 20:00:00-05:00,-7.244
2019-01-28 21:00:00-05:00,-7.909
2019-01-28 22:00:00-05:00,-8.378
2019-01-28 23:00:00-05:00,-8.735
2019-01-29 00:00:00-05:00,-9.116
2019-01-29 01:00:00-05:00,-9.349
2019-01-29 02:00:00-05:00,-9.505
2019-01-29 03:00:00-05:00,-9.705
2019-01-29 04:00:00-05:00,-9.669
2019-01-29 05:00:00-05:00,-9.414
2019-01-29 06:00:00-05:00,-8.977
2019-01-29 07:00:00-05:00,-7.913
2019-01-29 08:00:00-05:00,-6.416
2019-01-29 09:00:00-05:00,-4.885
2019-01-29 10:00:00-05:00,-3.105
2019-01-29 11:00:00-05:00,-1.633
2019-01-29 12:00:00-05:00,-0.633
2019-01-29 13:00:00-05:00,-0.009000000000000001
2019-01-29 14:00:00-05:00,0.132
2019-01-29 15:00:00-05:00,0.019
2019-01-29 16:00:00-05:00,-0.091
2019-01-29 17:00:00-05:00,-0.007
2019-01-29 18:00:00-05:00,0.248
2019-01-29 19:00:00-05:00,0.612
2019-01-29 20:00:00-05:00,0.973
2019-01-29 21:00:00-05:00,1.209
2019-01-29 22:00:00-05:00,1.2610000000000001
2019-01-29 23:00:00-05:00,0.929
2019-01-30 00:00:00-05:00,0.146
2019-01-30 01:00:00-05:00,-0.839
2019-01-30 02:00:00-05:00,-1.847
2019-01-30 03:00:00-05:00,-3.409
2019-01-30 04:00:00-05:00,-5.085
2019-01-30 05:00:00-05:00,-6.511
2019-01-30 06:00:00-05:00,-7.906
2019-01-30 07:00:00-05:00,-8.263
2019-01-30 08:00:00-05:00,-6.856
2019-01-30 09:00:00-05:00,-5.651
2019-01-30 10:00:00-05:00,-4.502
2019-01-30 11:00:00-05:00,-3.568
2019-01-30 12:00:00-05:00,-2.931
2019-01-30 13:00:00-05:00,-2.63
2019-01-30 14:00:00-05:00,-2.801
2019-01-30 15:00:00-05:00,-3.318
2019-01-30 16:00:00-05:00,-3.537
2019-01-30 17:00:00-05:00,-4.319
2019-01-30 18:00:00-05:00,-7.689
2019-01-30 19:00:00-05:00,-11.164
2019-01-30 20:00:00-05:00,-13.147
2019-01-30 21:00:00-05:00,-14.261
2019-01-30 22:00:00-05:00,-15.248
2019-01-30 23:00:00-05:00,-16.164
2019-01-31 00:00:00-05:00,-17.138
2019-01-31 01:00:00-05:00,-17.918
2019-01-31 02:00:00-05:00,-18.163
2019-01-31 03:00:00-05:00,-18.382
2019-01-31 04:00:00-05:00,-18.597
2019-01-31 05:00:00-05:00,-18.837
2019-01-31 06:00:00-05:00,-19.094
2019-01-31 07:00:00-05:00,-18.719
2019-01-31 08:00:00-05:00,-16.837
2019-01-31 09:00:00-05:00,-15.318
2019-01-31 10:00:00-05:00,-13.74
2019-01-31 11:00:00-05:00,-12.374
2019-01-31 12:00:00-05:00,-11.378
2019-01-31 13:00:00-05:00,-10.829
2019-01-31 14:00:00-05:00,-10.756
2019-01-31 15:00:00-05:00,-11.195
2019-01-31 16:00:00-05:00,-11.716
2019-01-31 17:00:00-05:00,-12.159
2019-01-31 18:00:00-05:00,-12.221
2019-01-31 19:00:00-05:00,-12.349
2019-01-31 20:00:00-05:00,-12.682
2019-01-31 21:00:00-05:00,-13.374
2019-01-31 22:00:00-05:00,-14.176
2019-01-31 23:00:00-05:00,-14.701
2019-02-01 00:00:00-05:00,-15.218
2019-02-01 01:00:00-05:00,-15.767
2019-02-01 02:00:00-05:00,-16.218
2019-02-01 03:00:00-05:00,-16.424
2019-02-01 04:00:00-05:00,-16.581
2019-02-01 05:00:00-05:00,-16.792
2019-02-01 06:00:00-05:00,-16.849
2019-02-01 07:00:00-05:00,-15.809
2019-02-01 08:00:00-05:00,-13.252
2019-02-01 09:00:00-05:00,-11.224
2019-02-01 10:00:00-05:00,-9.803
2019-02-01 11:00:00-05:00,-8.721
2019-02-01 12:00:00-05:00,-8.01
2019-02-01 13:00:00-05:00,-7.548
2019-02-01 14:00:00-05:00,-7.421
2019-02-01 15:00:00-05:00,-7.818
2019-02-01 16:00:00-05:00,-9.765
2019-02-01 17:00:00-05:00,-11.739
2019-02-01 18:00:00-05:00,-12.509
2019-02-01 19:00:00-05:00,-13.112
2019-02-01 20:00:00-05:00,-13.702
2019-02-01 21:00:00-05:00,-14.17
2019-02-01 22:00:00-05:00,-14.59
2019-02-01 23:00:00-05:00,-14.943
2019-02-02 00:00:00-05:00,-15.223
2019-02-02 01:00:00-05:00,-15.436
2019-02-02 02:00:00-05:00,-15.597
2019-02-02 03:00:00-05:00,-15.47
2019-02-02 04:00:00-05:00,-14.602
2019-02-02 05:00:00-05:00,-14.19
2019-02-02 06:00:00-05:00,-14.642
2019-02-02 07:00:00-05:00,-13.861
2019-02-02 08:00:00-05:00,-11.164
2019-02-02 09:00:00-05:00,-7.94
2019-02-02 10:00:00-05:00,-5.977
2019-02-02 11:00:00-05:00,-4.311
2019-02-02 12:00:00-05:00,-3.14
2019-02-02 13:00:00-05:00,-2.45
2019-02-02 14:00:00-05:00,-2.437
2019-02-02 15:00:00-05:00,-2.596
2019-02-02 16:00:00-05:00,-3.263
2019-02-02 17:00:00-05:00,-3.801
2019-02-02 18:00:00-05:00,-3.9210000000000003
2019-02-02 19:00:00-05:00,-3.835
2019-02-02 20:00:00-05:00,-3.854
2019-02-02 21:00:00-05:00,-4.019
2019-02-02 22:00:00-05:00,-4.396
2019-02-02 23:00:00-05:00,-5.001
2019-02-03 00:00:00-05:00,-5.444
2019-02-03 01:00:00-05:00,-5.633
2019-02-03 02:00:00-05:00,-5.569
2019-02-03 03:00:00-05:00,-5.397
2019-02-03 04:00:00-05:00,-5.378
2019-02-03 05:00:00-05:00,-5.337
2019-02-03 06:00:00-05:00,-5.035
2019-02-03 07:00:00-05:00,-4.038
2019-02-03 08:00:00-05:00,-1.755
2019-02-03 09:00:00-05:00,0.671
2019-02-03 10:00:00-05:00,3.328
2019-02-03 11:00:00-05:00,5.04
2019-02-03 12:00:00-05:00,5.732
2019-02-03 13:00:00-05:00,5.934
2019-02-03 14:00:00-05:00,5.554
2019-02-03 15:00:00-05:00,3.993
2019-02-03 16:00:00-05:00,1.158
2019-02-03 17:00:00-05:00,0.155
2019-02-03 18:00:00-05:00,0.076
2019-02-03 19:00:00-05:00,-0.127
2019-02-03 20:00:00-05:00,-0.131
2019-02-03 21:00:00-05:00,-0.14
2019-02-03 22:00:00-05:00,-0.114
2019-02-03 23:00:00-05:00,-0.085
2019-02-04 00:00:00-05:00,-0.026000000000000002
2019-02-04 01:00:00-05:00,-0.099
2019-02-04 02:00:00-05:00,-0.17300000000000001
2019-02-04 03:00:00-05:00,-0.169
2019-02-04 04:00:00-05:00,-0.219
2019-02-04 05:00:00-05:00,-0.23700000000000002
2019-02-04 06:00:00-05:00,-0.295
2019-02-04 07:00:00-05:00,0.131
2019-02-04 08:00:00-05:00,1.465
2019-02-04 09:00:00-05:00,3.5700000000000003
2019-02-04 10:00:00-05:00,6.252
2019-02-04 11:00:00-05:00,8.189
2019-02-04 12:00:00-05:00,9.212
2019-02-04 13:00:00-05:00,9.52
2019-02-04 14:00:00-05:00,9.046
2019-02-04 15:00:00-05:00,6.822
2019-02-04 16:00:00-05:00,2.6710000000000003
2019-02-04 17:00:00-05:00,0.982
2019-02-04 18:00:00-05:00,1.198
2019-02-04 19:00:00-05:00,1.157
2019-02-04 20:00:00-05:00,0.888
2019-02-04 21:00:00-05:00,0.683
2019-02-04 22:00:00-05:00,0.448
2019-02-04 23:00:00-05:00,0.32
2019-02-05 00:00:00-05:00,0.334
2019-02-05 01:00:00-05:00,0.592
2019-02-05 02:00:00-05:00,1.067
2019-02-05 03:00:00-05:00,1.227
2019-02-05 04:00:00-05:00,1.211
2019-02-05 05:00:00-05:00,1.184
2019-02-05 06:00:00-05:00,1.123
2019-02-05 07:00:00-05:00,1.413
2019-02-05 08:00:00-05:00,2.3970000000000002
2019-02-05 09:00:00-05:00,4.391
2019-02-05 10:00:00-05:00,7.1
2019-02-05 11:00:00-05:00,9.794
2019-02-05 12:00:00-05:00,11.927
2019-02-05 13:00:00-05:00,13.208
2019-02-05 14:00:00-05:00,13.439
2019-02-05 15:00:00-05:00,12.01
2019-02-05 16:00:00-05:00,8.926
2019-02-05 17:00:00-05:00,7.2780000000000005
2019-02-05 18:00:00-05:00,6.306
2019-02-05 19:00:00-05:00,4.585
2019-02-05 20:00:00-05:00,2.59
2019-02-05 21:00:00-05:00,1.437
2019-02-05 22:00:00-05:00,0.354
2019-02-05 23:00:00-05:00,-0.431
2019-02-06 00:00:00-05:00,-0.808
2019-02-06 01:00:00-05:00,-1.309
2019-02-06 02:00:00-05:00,-2.283
2019-02-06 03:00:00-05:00,-2.826
2019-02-06 04:00:00-05:00,-3.097
2019-02-06 05:00:00-05:00,-3.296
2019-02-06 06:00:00-05:00,-3.241
2019-02-06 07:00:00-05:00,-1.879
2019-02-06 08:00:00-05:00,-0.076
2019-02-06 09:00:00-05:00,1.816
2019-02-06 10:00:00-05:00,3.489
2019-02-06 11:00:00-05:00,4.589
2019-02-06 12:00:00-05:00,5.187
2019-02-06 13:00:00-05:00,5.285
2019-02-06 14:00:00-05:00,4.906
2019-02-06 15:00:00-05:00,3.681
2019-02-06 16:00:00-05:00,1.936
2019-02-06 17:00:00-05:00,1.584
2019-02-06 18:00:00-05:00,1.6480000000000001
2019-02-06 19:00:00-05:00,1.444
2019-02-06 20:00:00-05:00,1.27
2019-02-06 21:00:00-05:00,1.241
2019-02-06 22:00:00-05:00,1.184
2019-02-06 23:00:00-05:00,1.117
2019-02-07 00:00:00-05:00,1.072
2019-02-07 01:00:00-05:00,0.992
2019-02-07 02:00:00-05:00,0.9460000000000001
2019-02-07 03:00:00-05:00,1.054
2019-02-07 04:00:00-05:00,1.07
2019-02-07 05:00:00-05:00,0.89
2019-02-07 06:00:00-05:00,0.708
2019-02-07 07:00:00-05:00,0.793
2019-02-07 08:00:00-05:00,1.195
2019-02-07 09:00:00-05:00,1.988
2019-02-07 10:00:00-05:00,2.936
2019-02-07 11:00:00-05:00,3.676
2019-02-07 12:00:00-05:00,4.046
2019-02-07 13:00:00-05:00,4.185
2019-02-07 14:00:00-05:00,4.051
2019-02-07 15:00:00-05:00,3.666
2019-02-07 16:00:00-05:00,2.9530000000000003
2019-02-07 17:00:00-05:00,2.323
2019-02-07 18:00:00-05:00,2.219
2019-02-07 19:00:00-05:00,1.959
2019-02-07 20:00:00-05:00,1.7000000000000002
2019-02-07 21:00:00-05:00,1.407
2019-02-07 22:00:00-05:00,1.282
2019-02-07 23:00:00-05:00,1.297
2019-02-08 00:00:00-05:00,1.301
2019-02-08 01:00:00-05:00,1.289
2019-02-08 02:00:00-05:00,1.336
2019-02-08 03:00:00-05:00,1.521
2019-02-08 04:00:00-05:00,1.77
2019-02-08 05:00:00-05:00,1.9849999999999999
2019-02-08 06:00:00-05:00,2.121
2019-02-08 07:00:00-05:00,2.65
2019-02-08 08:00:00-05:00,3.352
2019-02-08 09:00:00-05:00,4.413
2019-02-08 10:00:00-05:00,6.113
2019-02-08 11:00:00-05:00,7.795
2019-02-08 12:00:00-05:00,9.126
2019-02-08 13:00:00-05:00,9.253
2019-02-08 14:00:00-05:00,7.733
2019-02-08 15:00:00-05:00,5.586
2019-02-08 16:00:00-05:00,3.209
2019-02-08 17:00:00-05:00,1.045
2019-02-08 18:00:00-05:00,-0.5700000000000001
2019-02-08 19:00:00-05:00,-1.841
2019-02-08 20:00:00-05:00,-2.629
2019-02-08 21:00:00-05:00,-3.138
2019-02-08 22:00:00-05:00,-3.626
2019-02-08 23:00:00-05:00,-3.982
2019-02-09 00:00:00-05:00,-4.066
2019-02-09 01:00:00-05:00,-4.2
2019-02-09 02:00:00-05:00,-4.535
2019-02-09 03:00:00-05:00,-5.047
2019-02-09 04:00:00-05:00,-5.559
2019-02-09 05:00:00-05:00,-5.845
2019-02-09 06:00:00-05:00,-6.001
2019-02-09 07:00:00-05:00,-5.886
2019-02-09 08:00:00-05:00,-5.3629999999999995
2019-02-09 09:00:00-05:00,-4.577
2019-02-09 10:00:00-05:00,-3.659
2019-02-09 11:00:00-05:00,-2.973
2019-02-09 12:00:00-05:00,-2.284
2019-02-09 13:00:00-05:00,-1.79
2019-02-09 14:00:00-05:00,-1.6920000000000002
2019-02-09 15:00:00-05:00,-2.144
2019-02-09 16:00:00-05:00,-3.156
2019-02-09 17:00:00-05:00,-4.302
2019-02-09 18:00:00-05:00,-4.879
2019-02-09 19:00:00-05:00,-5.541
2019-02-09 20:00:00-05:00,-6.256
2019-02-09 21:00:00-05:00,-6.772
2019-02-09 22:00:00-05:00,-7.23
2019-02-09 23:00:00-05:00,-7.68
2019-02-10 00:00:00-05:00,-8.147
2019-02-10 01:00:00-05:00,-8.615
2019-02-10 02:00:00-05:00,-9.028
2019-02-10 03:00:00-05:00,-9.215
2019-02-10 04:00:00-05:00,-9.365
2019-02-10 05:00:00-05:00,-9.482
2019-02-10 06:00:00-05:00,-9.558
2019-02-10 07:00:00-05:00,-8.144
2019-02-10 08:00:00-05:00,-5.797
2019-02-10 09:00:00-05:00,-4.014
2019-02-10 10:00:00-05:00,-2.547
2019-02-10 11:00:00-05:00,-1.403
2019-02-10 12:00:00-05:00,-0.613
2019-02-10 13:00:00-05:00,-0.327
2019-02-10 14:00:00-05:00,-0.41000000000000003
2019-02-10 15:00:00-05:00,-0.9470000000000001
2019-02-10 16:00:00-05:00,-2.098
2019-02-10 17:00:00-05:00,-3.726
2019-02-10 18:00:00-05:00,-3.7119999999999997
2019-02-10 19:00:00-05:00,-3.708
2019-02-10 20:00:00-05:00,-3.742
2019-02-10 21:00:00-05:00,-3.71
2019-02-10 22:00:00-05:00,-3.815
2019-02-10 23:00:00-05:00,-3.979
2019-02-11 00:00:00-05:00,-4.084
2019-02-11 01:00:00-05:00,-4.305
2019-02-11 02:00:00-05:00,-4.439
2019-02-11 03:00:00-05:00,-4.54
2019-02-11 04:00:00-05:00,-4.689
2019-02-11 05:00:00-05:00,-4.869
2019-02-11 06:00:00-05:00,-5.161
2019-02-11 07:00:00-05:00,-4.624
2019-02-11 08:00:00-05:00,-3.599
2019-02-11 09:00:00-05:00,-2.6710000000000003
2019-02-11 10:00:00-05:00,-1.879
2019-02-11 11:00:00-05:00,-1.061
2019-02-11 12:00:00-05:00,-0.30000000000000004
2019-02-11 13:00:00-05:00,0.244
2019-02-11 14:00:00-05:00,0.342
2019-02-11 15:00:00-05:00,0.097
2019-02-11 16:00:00-05:00,-0.9490000000000001
2019-02-11 17:00:00-05:00,-2.377
2019-02-11 18:00:00-05:00,-2.935
2019-02-11 19:00:00-05:00,-3.342
2019-02-11 20:00:00-05:00,-3.594
2019-02-11 21:00:00-05:00,-3.977
2019-02-11 22:00:00-05:00,-4.484
2019-02-11 23:00:00-05:00,-5.11
2019-02-12 00:00:00-05:00,-6.065
2019-02-12 01:00:00-05:00,-6.855
2019-02-12 02:00:00-05:00,-7.173
2019-02-12 03:00:00-05:00,-7.498
2019-02-12 04:00:00-05:00,-8.095
2019-02-12 05:00:00-05:00,-8.524000000000001
2019-02-12 06:00:00-05:00,-8.754
2019-02-12 07:00:00-05:00,-8.556000000000001
2019-02-12 08:00:00-05:00,-8.008
2019-02-12 09:00:00-05:00,-7.281
2019-02-12 10:00:00-05:00,-6.476
2019-02-12 11:00:00-05:00,-5.779
2019-02-12 12:00:00-05:00,-5.239
2019-02-12 13:00:00-05:00,-4.749
2019-02-12 14:00:00-05:00,-4.337
2019-02-12 15:00:00-05:00,-3.957
2019-02-12 16:00:00-05:00,-3.7439999999999998
2019-02-12 17:00:00-05:00,-3.319
2019-02-12 18:00:00-05:00,-2.787
2019-02-12 19:00:00-05:00,-2.276
2019-02-12 20:00:00-05:00,-1.845
2019-02-12 21:00:00-05:00,-1.448
2019-02-12 22:00:00-05:00,-1.044
2019-02-12 23:00:00-05:00,-0.5630000000000001
2019-02-13 00:00:00-05:00,-0.1
2019-02-13 01:00:00-05:00,0.17500000000000002
2019-02-13 02:00:00-05:00,0.59
2019-02-13 03:00:00-05:00,0.293
2019-02-13 04:00:00-05:00,0.263
2019-02-13 05:00:00-05:00,-0.278
2019-02-13 06:00:00-05:00,-0.792
2019-02-13 07:00:00-05:00,-0.612
2019-02-13 08:00:00-05:00,0.253
2019-02-13 09:00:00-05:00,0.9420000000000001
2019-02-13 10:00:00-05:00,1.6
2019-02-13 11:00:00-05:00,2.0
2019-02-13 12:00:00-05:00,2.086
2019-02-13 13:00:00-05:00,2.008
2019-02-13 14:00:00-05:00,1.762
2019-02-13 15:00:00-05:00,1.2570000000000001
2019-02-13 16:00:00-05:00,0.441
2019-02-13 17:00:00-05:00,-0.33
2019-02-13 18:00:00-05:00,-0.852
2019-02-13 19:00:00-05:00,-1.453
2019-02-13 20:00:00-05:00,-2.066
2019-02-13 21:00:00-05:00,-2.561
2019-02-13 22:00:00-05:00,-2.91
2019-02-13 23:00:00-05:00,-3.121
2019-02-14 00:00:00-05:00,-3.334
2019-02-14 01:00:00-05:00,-3.533
2019-02-14 02:00:00-05:00,-3.659
2019-02-14 03:00:00-05:00,-3.675
2019-02-14 04:00:00-05:00,-3.634
2019-02-14 05:00:00-05:00,-3.6550000000000002
2019-02-14 06:00:00-05:00,-3.793
2019-02-14 07:00:00-05:00,-3.41
2019-02-14 08:00:00-05:00,-2.315
2019-02-14 09:00:00-05:00,-1.3599999999999999
2019-02-14 10:00:00-05:00,-0.426
2019-02-14 11:00:00-05:00,0.438
2019-02-14 12:00:00-05:00,1.146
2019-02-14 13:00:00-05:00,1.631
2019-02-14 14:00:00-05:00,1.837
2019-02-14 15:00:00-05:00,1.681
2019-02-14 16:00:00-05:00,-0.083
2019-02-14 17:00:00-05:00,-1.5230000000000001
2019-02-14 18:00:00-05:00,-2.045
2019-02-14 19:00:00-05:00,-2.714
2019-02-14 20:00:00-05:00,-3.041
2019-02-14 21:00:00-05:00,-2.902
2019-02-14 22:00:00-05:00,-2.238
2019-02-14 23:00:00-05:00,-1.4140000000000001
2019-02-15 00:00:00-05:00,-0.649
2019-02-15 01:00:00-05:00,-0.157
2019-02-15 02:00:00-05:00,0.10200000000000001
2019-02-15 03:00:00-05:00,0.431
2019-02-15 04:00:00-05:00,0.63
2019-02-15 05:00:00-05:00,0.6880000000000001
2019-02-15 06:00:00-05:00,0.78
2019-02-15 07:00:00-05:00,1.135
2019-02-15 08:00:00-05:00,1.758
2019-02-15 09:00:00-05:00,2.735
2019-02-15 10:00:00-05:00,4.198
2019-02-15 11:00:00-05:00,5.729
2019-02-15 12:00:00-05:00,7.003
2019-02-15 13:00:00-05:00,7.634
2019-02-15 14:00:00-05:00,7.533
2019-02-15 15:00:00-05:00,6.802
2019-02-15 16:00:00-05:00,5.677
2019-02-15 17:00:00-05:00,4.8260000000000005
2019-02-15 18:00:00-05:00,4.716
2019-02-15 19:00:00-05:00,4.59
2019-02-15 20:00:00-05:00,4.231
2019-02-15 21:00:00-05:00,3.698
2019-02-15 22:00:00-05:00,2.992
2019-02-15 23:00:00-05:00,1.9
2019-02-16 00:00:00-05:00,0.9560000000000001
2019-02-16 01:00:00-05:00,-0.032
2019-02-16 02:00:00-05:00,-0.989
2019-02-16 03:00:00-05:00,-2.016
2019-02-16 04:00:00-05:00,-3.25
2019-02-16 05:00:00-05:00,-3.68
2019-02-16 06:00:00-05:00,-3.775
2019-02-16 07:00:00-05:00,-2.418
2019-02-16 08:00:00-05:00,-1.135
2019-02-16 09:00:00-05:00,0.016
2019-02-16 10:00:00-05:00,1.142
2019-02-16 11:00:00-05:00,1.9180000000000001
2019-02-16 12:00:00-05:00,2.156
2019-02-16 13:00:00-05:00,2.269
2019-02-16 14:00:00-05:00,1.966
2019-02-16 15:00:00-05:00,1.12
2019-02-16 16:00:00-05:00,-0.28300000000000003
2019-02-16 17:00:00-05:00,-1.9340000000000002
2019-02-16 18:00:00-05:00,-2.91
2019-02-16 19:00:00-05:00,-3.624
2019-02-16 20:00:00-05:00,-4.193
2019-02-16 21:00:00-05:00,-4.586
2019-02-16 22:00:00-05:00,-4.87
2019-02-16 23:00:00-05:00,-5.144
2019-02-17 00:00:00-05:00,-5.514
2019-02-17 01:00:00-05:00,-5.823
2019-02-17 02:00:00-05:00,-6.099
2019-02-17 03:00:00-05:00,-6.404
2019-02-17 04:00:00-05:00,-6.745
2019-02-17 05:00:00-05:00,-7.063
2019-02-17 06:00:00-05:00,-7.332
2019-02-17 07:00:00-05:00,-6.375
2019-02-17 08:00:00-05:00,-4.457
2019-02-17 09:00:00-05:00,-2.529
2019-02-17 10:00:00-05:00,-0.745
2019-02-17 11:00:00-05:00,0.987
2019-02-17 12:00:00-05:00,1.661
2019-02-17 13:00:00-05:00,1.349
2019-02-17 14:00:00-05:00,1.213
2019-02-17 15:00:00-05:00,1.105
2019-02-17 16:00:00-05:00,-0.402
2019-02-17 17:00:00-05:00,-2.202
2019-02-17 18:00:00-05:00,-2.855
2019-02-17 19:00:00-05:00,-2.3890000000000002
2019-02-17 20:00:00-05:00,-2.491
2019-02-17 21:00:00-05:00,-2.404
2019-02-17 22:00:00-05:00,-2.184
2019-02-17 23:00:00-05:00,-2.352
2019-02-18 00:00:00-05:00,-2.449
2019-02-18 01:00:00-05:00,-2.7039999999999997
2019-02-18 02:00:00-05:00,-2.661
2019-02-18 03:00:00-05:00,-2.478
2019-02-18 04:00:00-05:00,-2.324
2019-02-18 05:00:00-05:00,-2.237
2019-02-18 06:00:00-05:00,-2.092
2019-02-18 07:00:00-05:00,-1.826
2019-02-18 08:00:00-05:00,-1.289
2019-02-18 09:00:00-05:00,-0.47100000000000003
2019-02-18 10:00:00-05:00,0.35100000000000003
2019-02-18 11:00:00-05:00,1.046
2019-02-18 12:00:00-05:00,1.465
2019-02-18 13:00:00-05:00,1.304
2019-02-18 14:00:00-05:00,1.091
2019-02-18 15:00:00-05:00,0.583
2019-02-18 16:00:00-05:00,-0.466
2019-02-18 17:00:00-05:00,-2.04
2019-02-18 18:00:00-05:00,-3.3529999999999998
2019-02-18 19:00:00-05:00,-4.399
2019-02-18 20:00:00-05:00,-5.334
2019-02-18 21:00:00-05:00,-6.189
2019-02-18 22:00:00-05:00,-6.928
2019-02-18 23:00:00-05:00,-7.793
2019-02-19 00:00:00-05:00,-8.554
2019-02-19 01:00:00-05:00,-9.113
2019-02-19 02:00:00-05:00,-9.827
2019-02-19 03:00:00-05:00,-10.42
2019-02-19 04:00:00-05:00,-11.05
2019-02-19 05:00:00-05:00,-11.599
2019-02-19 06:00:00-05:00,-11.925
2019-02-19 07:00:00-05:00,-10.353
2019-02-19 08:00:00-05:00,-7.774
2019-02-19 09:00:00-05:00,-6.031
2019-02-19 10:00:00-05:00,-4.572
2019-02-19 11:00:00-05:00,-3.443
2019-02-19 12:00:00-05:00,-2.708
2019-02-19 13:00:00-05:00,-2.411
2019-02-19 14:00:00-05:00,-2.614
2019-02-19 15:00:00-05:00,-3.295
2019-02-19 16:00:00-05:00,-4.623
2019-02-19 17:00:00-05:00,-7.106
2019-02-19 18:00:00-05:00,-8.264
2019-02-19 19:00:00-05:00,-9.02
2019-02-19 20:00:00-05:00,-9.559
2019-02-19 21:00:00-05:00,-9.94
2019-02-19 22:00:00-05:00,-10.259
2019-02-19 23:00:00-05:00,-10.357
2019-02-20 00:00:00-05:00,-10.653
2019-02-20 01:00:00-05:00,-10.943
2019-02-20 02:00:00-05:00,-10.31
2019-02-20 03:00:00-05:00,-9.969
2019-02-20 04:00:00-05:00,-9.836
2019-02-20 05:00:00-05:00,-9.719
2019-02-20 06:00:00-05:00,-9.412
2019-02-20 07:00:00-05:00,-8.455
2019-02-20 08:00:00-05:00,-6.925
2019-02-20 09:00:00-05:00,-5.22
2019-02-20 10:00:00-05:00,-4.226
2019-02-20 11:00:00-05:00,-3.781
2019-02-20 12:00:00-05:00,-3.781
2019-02-20 13:00:00-05:00,-3.37
2019-02-20 14:00:00-05:00,-2.935
2019-02-20 15:00:00-05:00,-3.051
2019-02-20 16:00:00-05:00,-3.839
2019-02-20 17:00:00-05:00,-5.009
2019-02-20 18:00:00-05:00,-5.168
2019-02-20 19:00:00-05:00,-5.1370000000000005
2019-02-20 20:00:00-05:00,-4.948
2019-02-20 21:00:00-05:00,-4.677
2019-02-20 22:00:00-05:00,-4.109
2019-02-20 23:00:00-05:00,-3.339
2019-02-21 00:00:00-05:00,-2.645
2019-02-21 01:00:00-05:00,-2.061
2019-02-21 02:00:00-05:00,-1.332
2019-02-21 03:00:00-05:00,-0.723
2019-02-21 04:00:00-05:00,-0.656
2019-02-21 05:00:00-05:00,-0.719
2019-02-21 06:00:00-05:00,-1.125
2019-02-21 07:00:00-05:00,-0.524
2019-02-21 08:00:00-05:00,0.17200000000000001
2019-02-21 09:00:00-05:00,0.617
2019-02-21 10:00:00-05:00,1.335
2019-02-21 11:00:00-05:00,2.686
2019-02-21 12:00:00-05:00,3.86
2019-02-21 13:00:00-05:00,4.456
2019-02-21 14:00:00-05:00,4.442
2019-02-21 15:00:00-05:00,3.809
2019-02-21 16:00:00-05:00,2.226
2019-02-21 17:00:00-05:00,0.162
2019-02-21 18:00:00-05:00,-0.298
2019-02-21 19:00:00-05:00,-0.241
2019-02-21 20:00:00-05:00,-0.107
2019-02-21 21:00:00-05:00,0.322
2019-02-21 22:00:00-05:00,0.078
2019-02-21 23:00:00-05:00,-0.117
2019-02-22 00:00:00-05:00,-0.152
2019-02-22 01:00:00-05:00,-0.154
2019-02-22 02:00:00-05:00,-0.425
2019-02-22 03:00:00-05:00,-0.662
2019-02-22 04:00:00-05:00,-1.111
2019-02-22 05:00:00-05:00,-1.687
2019-02-22 06:00:00-05:00,-1.998
2019-02-22 07:00:00-05:00,-0.8180000000000001
2019-02-22 08:00:00-05:00,0.646
2019-02-22 09:00:00-05:00,1.47
2019-02-22 10:00:00-05:00,2.054
2019-02-22 11:00:00-05:00,2.629
2019-02-22 12:00:00-05:00,3.138
2019-02-22 13:00:00-05:00,3.259
2019-02-22 14:00:00-05:00,2.943
2019-02-22 15:00:00-05:00,2.362
2019-02-22 16:00:00-05:00,0.934
2019-02-22 17:00:00-05:00,-1.147
2019-02-22 18:00:00-05:00,-1.6019999999999999
2019-02-22 19:00:00-05:00,-2.076
2019-02-22 20:00:00-05:00,-2.355
2019-02-22 21:00:00-05:00,-2.532
2019-02-22 22:00:00-05:00,-2.499
2019-02-22 23:00:00-05:00,-2.653
2019-02-23 00:00:00-05:00,-2.968
2019-02-23 01:00:00-05:00,-3.376
2019-02-23 02:00:00-05:00,-3.654
2019-02-23 03:00:00-05:00,-3.8
2019-02-23 04:00:00-05:00,-4.146
2019-02-23 05:00:00-05:00,-4.62
2019-02-23 06:00:00-05:00,-4.83
2019-02-23 07:00:00-05:00,-3.399
2019-02-23 08:00:00-05:00,-1.1219999999999999
2019-02-23 09:00:00-05:00,0.599
2019-02-23 10:00:00-05:00,2.043
2019-02-23 11:00:00-05:00,3.146
2019-02-23 12:00:00-05:00,3.774
2019-02-23 13:00:00-05:00,3.54
2019-02-23 14:00:00-05:00,2.922
2019-02-23 15:00:00-05:00,2.068
2019-02-23 16:00:00-05:00,0.233
2019-02-23 17:00:00-05:00,-1.452
2019-02-23 18:00:00-05:00,-1.634
2019-02-23 19:00:00-05:00,-1.7149999999999999
2019-02-23 20:00:00-05:00,-1.782
2019-02-23 21:00:00-05:00,-1.776
2019-02-23 22:00:00-05:00,-1.466
2019-02-23 23:00:00-05:00,-0.711
2019-02-24 00:00:00-05:00,-0.31
2019-02-24 01:00:00-05:00,-0.10400000000000001
2019-02-24 02:00:00-05:00,0.113
2019-02-24 03:00:00-05:00,0.314
2019-02-24 04:00:00-05:00,0.46900000000000003
2019-02-24 05:00:00-05:00,0.645
2019-02-24 06:00:00-05:00,0.995
2019-02-24 07:00:00-05:00,1.43
2019-02-24 08:00:00-05:00,1.685
2019-02-24 09:00:00-05:00,2.175
2019-02-24 10:00:00-05:00,2.5140000000000002
2019-02-24 11:00:00-05:00,3.282
2019-02-24 12:00:00-05:00,3.926
2019-02-24 13:00:00-05:00,4.46
2019-02-24 14:00:00-05:00,4.697
2019-02-24 15:00:00-05:00,4.437
2019-02-24 16:00:00-05:00,3.694
2019-02-24 17:00:00-05:00,3.083
2019-02-24 18:00:00-05:00,3.208
2019-02-24 19:00:00-05:00,3.348
2019-02-24 20:00:00-05:00,3.048
2019-02-24 21:00:00-05:00,2.336
2019-02-24 22:00:00-05:00,1.6640000000000001
2019-02-24 23:00:00-05:00,1.244
2019-02-25 00:00:00-05:00,0.9380000000000001
2019-02-25 01:00:00-05:00,0.711
2019-02-25 02:00:00-05:00,0.487
2019-02-25 03:00:00-05:00,0.166
2019-02-25 04:00:00-05:00,-0.319
2019-02-25 05:00:00-05:00,-0.857
2019-02-25 06:00:00-05:00,-1.287
2019-02-25 07:00:00-05:00,-0.9560000000000001
2019-02-25 08:00:00-05:00,-0.557
2019-02-25 09:00:00-05:00,-0.549
2019-02-25 10:00:00-05:00,-0.625
2019-02-25 11:00:00-05:00,-0.618
2019-02-25 12:00:00-05:00,-0.609
2019-02-25 13:00:00-05:00,-0.5710000000000001
2019-02-25 14:00:00-05:00,-0.634
2019-02-25 15:00:00-05:00,-1.16
2019-02-25 16:00:00-05:00,-1.903
2019-02-25 17:00:00-05:00,-2.694
2019-02-25 18:00:00-05:00,-3.175
2019-02-25 19:00:00-05:00,-3.714
2019-02-25 20:00:00-05:00,-4.246
2019-02-25 21:00:00-05:00,-4.655
2019-02-25 22:00:00-05:00,-4.928
2019-02-25 23:00:00-05:00,-5.109
2019-02-26 00:00:00-05:00,-5.279
2019-02-26 01:00:00-05:00,-5.435
2019-02-26 02:00:00-05:00,-5.59
2019-02-26 03:00:00-05:00,-5.781
2019-02-26 04:00:00-05:00,-5.953
2019-02-26 05:00:00-05:00,-6.119
2019-02-26 06:00:00-05:00,-6.285
2019-02-26 07:00:00-05:00,-6.037
2019-02-26 08:00:00-05:00,-5.479
2019-02-26 09:00:00-05:00,-4.802
2019-02-26 10:00:00-05:00,-4.15
2019-02-26 11:00:00-05:00,-3.543
2019-02-26 12:00:00-05:00,-3.261
2019-02-26 13:00:00-05:00,-3.323
2019-02-26 14:00:00-05:00,-3.741
2019-02-26 15:00:00-05:00,-4.377
2019-02-26 16:00:00-05:00,-5.333
2019-02-26 17:00:00-05:00,-6.407
2019-02-26 18:00:00-05:00,-7.187
2019-02-26 19:00:00-05:00,-7.812
2019-02-26 20:00:00-05:00,-8.402
2019-02-26 21:00:00-05:00,-9.044
2019-02-26 22:00:00-05:00,-9.506
2019-02-26 23:00:00-05:00,-9.783
2019-02-27 00:00:00-05:00,-9.87
2019-02-27 01:00:00-05:00,-9.981
2019-02-27 02:00:00-05:00,-10.275
2019-02-27 03:00:00-05:00,-10.7
2019-02-27 04:00:00-05:00,-11.116
2019-02-27 05:00:00-05:00,-11.428
2019-02-27 06:00:00-05:00,-11.614
2019-02-27 07:00:00-05:00,-10.817
2019-02-27 08:00:00-05:00,-10.049
2019-02-27 09:00:00-05:00,-9.044
2019-02-27 10:00:00-05:00,-7.75
2019-02-27 11:00:00-05:00,-6.444
2019-02-27 12:00:00-05:00,-5.663
2019-02-27 13:00:00-05:00,-5.185
2019-02-27 14:00:00-05:00,-4.946
2019-02-27 15:00:00-05:00,-5.161
2019-02-27 16:00:00-05:00,-5.7059999999999995
2019-02-27 17:00:00-05:00,-6.633
2019-02-27 18:00:00-05:00,-6.849
2019-02-27 19:00:00-05:00,-6.98
2019-02-27 20:00:00-05:00,-7.113
2019-02-27 21:00:00-05:00,-7.189
2019-02-27 22:00:00-05:00,-7.224
2019-02-27 23:00:00-05:00,-7.195
2019-02-28 00:00:00-05:00,-7.149
2019-02-28 01:00:00-05:00,-7.144
2019-02-28 02:00:00-05:00,-7.175
2019-02-28 03:00:00-05:00,-7.325
2019-02-28 04:00:00-05:00,-7.603
2019-02-28 05:00:00-05:00,-7.871
2019-02-28 06:00:00-05:00,-7.969
2019-02-28 07:00:00-05:00,-7.07
2019-02-28 08:00:00-05:00,-5.852
2019-02-28 09:00:00-05:00,-4.854
2019-02-28 10:00:00-05:00,-3.852
2019-02-28 11:00:00-05:00,-2.874
2019-02-28 12:00:00-05:00,-2.06
2019-02-28 13:00:00-05:00,-1.517
2019-02-28 14:00:00-05:00,-1.428
2019-02-28 15:00:00-05:00,-1.841
2019-02-28 16:00:00-05:00,-2.984
2019-02-28 17:00:00-05:00,-5.929
2019-02-28 18:00:00-05:00,-7.223
2019-02-28 19:00:00-05:00,-7.76
2019-02-28 20:00:00-05:00,-8.263
2019-02-28 21:00:00-05:00,-8.123
2019-02-28 22:00:00-05:00,-7.618
2019-02-28 23:00:00-05:00,-7.358
2019-03-01 00:00:00-05:00,-7.302
2019-03-01 01:00:00-05:00,-7.288
2019-03-01 02:00:00-05:00,-7.649
2019-03-01 03:00:00-05:00,-8.144
2019-03-01 04:00:00-05:00,-8.162
2019-03-01 05:00:00-05:00,-7.739
2019-03-01 06:00:00-05:00,-7.487
2019-03-01 07:00:00-05:00,-6.973
2019-03-01 08:00:00-05:00,-4.66
2019-03-01 09:00:00-05:00,-2.151
2019-03-01 10:00:00-05:00,-0.385
2019-03-01 11:00:00-05:00,0.889
2019-03-01 12:00:00-05:00,1.592
2019-03-01 13:00:00-05:00,1.823
2019-03-01 14:00:00-05:00,1.784
2019-03-01 15:00:00-05:00,1.409
2019-03-01 16:00:00-05:00,0.425
2019-03-01 17:00:00-05:00,-1.396
2019-03-01 18:00:00-05:00,-2.527
2019-03-01 19:00:00-05:00,-3.076
2019-03-01 20:00:00-05:00,-3.33
2019-03-01 21:00:00-05:00,-3.415
2019-03-01 22:00:00-05:00,-3.275
2019-03-01 23:00:00-05:00,-3.071
2019-03-02 00:00:00-05:00,-2.9050000000000002
2019-03-02 01:00:00-05:00,-2.771
2019-03-02 02:00:00-05:00,-2.777
2019-03-02 03:00:00-05:00,-2.7960000000000003
2019-03-02 04:00:00-05:00,-2.919
2019-03-02 05:00:00-05:00,-3.002
2019-03-02 06:00:00-05:00,-3.028
2019-03-02 07:00:00-05:00,-2.823
2019-03-02 08:00:00-05:00,-2.193
2019-03-02 09:00:00-05:00,-0.724
2019-03-02 10:00:00-05:00,0.807
2019-03-02 11:00:00-05:00,1.6960000000000002
2019-03-02 12:00:00-05:00,2.167
2019-03-02 13:00:00-05:00,2.444
2019-03-02 14:00:00-05:00,2.418
2019-03-02 15:00:00-05:00,2.11
2019-03-02 16:00:00-05:00,1.461
2019-03-02 17:00:00-05:00,0.626
2019-03-02 18:00:00-05:00,-0.027
2019-03-02 19:00:00-05:00,-0.22
2019-03-02 20:00:00-05:00,-0.791
2019-03-02 21:00:00-05:00,-1.26
2019-03-02 22:00:00-05:00,-1.742
2019-03-02 23:00:00-05:00,-1.748
2019-03-03 00:00:00-05:00,-1.584
2019-03-03 01:00:00-05:00,-1.694
2019-03-03 02:00:00-05:00,-2.178
2019-03-03 03:00:00-05:00,-2.858
2019-03-03 04:00:00-05:00,-3.711
2019-03-03 05:00:00-05:00,-4.16
2019-03-03 06:00:00-05:00,-4.358
2019-03-03 07:00:00-05:00,-2.167
2019-03-03 08:00:00-05:00,-0.136
2019-03-03 09:00:00-05:00,1.328
2019-03-03 10:00:00-05:00,2.5300000000000002
2019-03-03 11:00:00-05:00,3.821
2019-03-03 12:00:00-05:00,4.699
2019-03-03 13:00:00-05:00,4.865
2019-03-03 14:00:00-05:00,4.184
2019-03-03 15:00:00-05:00,2.484
2019-03-03 16:00:00-05:00,0.774
2019-03-03 17:00:00-05:00,-0.542
2019-03-03 18:00:00-05:00,-0.805
2019-03-03 19:00:00-05:00,-0.8180000000000001
2019-03-03 20:00:00-05:00,-0.921
2019-03-03 21:00:00-05:00,-1.073
2019-03-03 22:00:00-05:00,-1.166
2019-03-03 23:00:00-05:00,-1.25
2019-03-04 00:00:00-05:00,-1.464
2019-03-04 01:00:00-05:00,-1.466
2019-03-04 02:00:00-05:00,-1.437
2019-03-04 03:00:00-05:00,-1.427
2019-03-04 04:00:00-05:00,-1.566
2019-03-04 05:00:00-05:00,-1.843
2019-03-04 06:00:00-05:00,-2.207
2019-03-04 07:00:00-05:00,-1.671
2019-03-04 08:00:00-05:00,-0.436
2019-03-04 09:00:00-05:00,0.34
2019-03-04 10:00:00-05:00,0.731
2019-03-04 11:00:00-05:00,1.055
2019-03-04 12:00:00-05:00,1.185
2019-03-04 13:00:00-05:00,1.064
2019-03-04 14:00:00-05:00,0.753
2019-03-04 15:00:00-05:00,0.20700000000000002
2019-03-04 16:00:00-05:00,-0.638
2019-03-04 17:00:00-05:00,-2.165
2019-03-04 18:00:00-05:00,-3.545
2019-03-04 19:00:00-05:00,-4.616
2019-03-04 20:00:00-05:00,-5.825
2019-03-04 21:00:00-05:00,-7.406
2019-03-04 22:00:00-05:00,-8.75
2019-03-04 23:00:00-05:00,-9.836
2019-03-05 00:00:00-05:00,-10.63
2019-03-05 01:00:00-05:00,-11.048
2019-03-05 02:00:00-05:00,-11.51
2019-03-05 03:00:00-05:00,-12.11
2019-03-05 04:00:00-05:00,-12.58
2019-03-05 05:00:00-05:00,-12.614
2019-03-05 06:00:00-05:00,-12.575
2019-03-05 07:00:00-05:00,-10.888
2019-03-05 08:00:00-05:00,-7.46
2019-03-05 09:00:00-05:00,-6.212
2019-03-05 10:00:00-05:00,-5.063
2019-03-05 11:00:00-05:00,-4.069
2019-03-05 12:00:00-05:00,-3.462
2019-03-05 13:00:00-05:00,-3.188
2019-03-05 14:00:00-05:00,-3.163
2019-03-05 15:00:00-05:00,-3.33
2019-03-05 16:00:00-05:00,-3.677
2019-03-05 17:00:00-05:00,-5.037
2019-03-05 18:00:00-05:00,-5.688
2019-03-05 19:00:00-05:00,-5.838
2019-03-05 20:00:00-05:00,-5.84
2019-03-05 21:00:00-05:00,-6.412
2019-03-05 22:00:00-05:00,-7.224
2019-03-05 23:00:00-05:00,-8.067
2019-03-06 00:00:00-05:00,-8.924
2019-03-06 01:00:00-05:00,-9.878
2019-03-06 02:00:00-05:00,-10.905
2019-03-06 03:00:00-05:00,-11.959
2019-03-06 04:00:00-05:00,-13.073
2019-03-06 05:00:00-05:00,-13.703
2019-03-06 06:00:00-05:00,-13.503
2019-03-06 07:00:00-05:00,-10.602
2019-03-06 08:00:00-05:00,-8.872
2019-03-06 09:00:00-05:00,-8.082
2019-03-06 10:00:00-05:00,-7.45
2019-03-06 11:00:00-05:00,-7.034
2019-03-06 12:00:00-05:00,-6.732
2019-03-06 13:00:00-05:00,-6.632
2019-03-06 14:00:00-05:00,-6.665
2019-03-06 15:00:00-05:00,-6.844
2019-03-06 16:00:00-05:00,-7.13
2019-03-06 17:00:00-05:00,-9.084
2019-03-06 18:00:00-05:00,-10.816
2019-03-06 19:00:00-05:00,-11.416
2019-03-06 20:00:00-05:00,-11.732
2019-03-06 21:00:00-05:00,-11.971
2019-03-06 22:00:00-05:00,-12.223
2019-03-06 23:00:00-05:00,-12.862
2019-03-07 00:00:00-05:00,-13.389
2019-03-07 01:00:00-05:00,-13.886
2019-03-07 02:00:00-05:00,-14.179
2019-03-07 03:00:00-05:00,-14.091
2019-03-07 04:00:00-05:00,-14.001
2019-03-07 05:00:00-05:00,-14.212
2019-03-07 06:00:00-05:00,-14.088
2019-03-07 07:00:00-05:00,-11.563
2019-03-07 08:00:00-05:00,-8.875
2019-03-07 09:00:00-05:00,-7.419
2019-03-07 10:00:00-05:00,-6.358
2019-03-07 11:00:00-05:00,-5.842
2019-03-07 12:00:00-05:00,-5.281
2019-03-07 13:00:00-05:00,-4.638
2019-03-07 14:00:00-05:00,-4.258
2019-03-07 15:00:00-05:00,-4.125
2019-03-07 16:00:00-05:00,-4.508
2019-03-07 17:00:00-05:00,-6.124
2019-03-07 18:00:00-05:00,-6.923
2019-03-07 19:00:00-05:00,-7.837
2019-03-07 20:00:00-05:00,-8.914
2019-03-07 21:00:00-05:00,-9.947
2019-03-07 22:00:00-05:00,-10.694
2019-03-07 23:00:00-05:00,-11.14
2019-03-08 00:00:00-05:00,-11.372
2019-03-08 01:00:00-05:00,-11.626
2019-03-08 02:00:00-05:00,-11.927
2019-03-08 03:00:00-05:00,-12.276
2019-03-08 04:00:00-05:00,-12.532
2019-03-08 05:00:00-05:00,-12.641
2019-03-08 06:00:00-05:00,-12.252
2019-03-08 07:00:00-05:00,-9.31
2019-03-08 08:00:00-05:00,-5.475
2019-03-08 09:00:00-05:00,-3.347
2019-03-08 10:00:00-05:00,-1.956
2019-03-08 11:00:00-05:00,-0.925
2019-03-08 12:00:00-05:00,-0.251
2019-03-08 13:00:00-05:00,0.132
2019-03-08 14:00:00-05:00,0.246
2019-03-08 15:00:00-05:00,-0.073
2019-03-08 16:00:00-05:00,-0.919
2019-03-08 17:00:00-05:00,-3.525
2019-03-08 18:00:00-05:00,-4.807
2019-03-08 19:00:00-05:00,-4.782
2019-03-08 20:00:00-05:00,-4.964
2019-03-08 21:00:00-05:00,-5.771
2019-03-08 22:00:00-05:00,-6.589
2019-03-08 23:00:00-05:00,-6.94
2019-03-09 00:00:00-05:00,-7.108
2019-03-09 01:00:00-05:00,-7.353
2019-03-09 02:00:00-05:00,-7.691
2019-03-09 03:00:00-05:00,-8.088
2019-03-09 04:00:00-05:00,-8.447
2019-03-09 05:00:00-05:00,-8.773
2019-03-09 06:00:00-05:00,-8.344
2019-03-09 07:00:00-05:00,-4.944
2019-03-09 08:00:00-05:00,-1.818
2019-03-09 09:00:00-05:00,0.841
2019-03-09 10:00:00-05:00,2.261
2019-03-09 11:00:00-05:00,3.527
2019-03-09 12:00:00-05:00,4.655
2019-03-09 13:00:00-05:00,5.271
2019-03-09 14:00:00-05:00,5.445
2019-03-09 15:00:00-05:00,5.005
2019-03-09 16:00:00-05:00,3.347
2019-03-09 17:00:00-05:00,0.126
2019-03-09 18:00:00-05:00,-1.6219999999999999
2019-03-09 19:00:00-05:00,-2.532
2019-03-09 20:00:00-05:00,-2.4130000000000003
2019-03-09 21:00:00-05:00,-2.356
2019-03-09 22:00:00-05:00,-2.039
2019-03-09 23:00:00-05:00,-1.995
2019-03-10 00:00:00-05:00,-1.62
2019-03-10 01:00:00-05:00,-1.5270000000000001
2019-03-10 03:00:00-04:00,-1.53
2019-03-10 04:00:00-04:00,-1.358
2019-03-10 05:00:00-04:00,-1.379
2019-03-10 06:00:00-04:00,-1.328
2019-03-10 07:00:00-04:00,-1.177
2019-03-10 08:00:00-04:00,-0.677
2019-03-10 09:00:00-04:00,0.029
2019-03-10 10:00:00-04:00,0.483
2019-03-10 11:00:00-04:00,0.862
2019-03-10 12:00:00-04:00,1.222
2019-03-10 13:00:00-04:00,1.584
2019-03-10 14:00:00-04:00,1.9300000000000002
2019-03-10 15:00:00-04:00,2.228
2019-03-10 16:00:00-04:00,2.328
2019-03-10 17:00:00-04:00,2.045
2019-03-10 18:00:00-04:00,1.358
2019-03-10 19:00:00-04:00,1.2650000000000001
2019-03-10 20:00:00-04:00,1.174
2019-03-10 21:00:00-04:00,1.009
2019-03-10 22:00:00-04:00,0.886
2019-03-10 23:00:00-04:00,0.742
2019-03-11 00:00:00-04:00,0.669
2019-03-11 01:00:00-04:00,0.685
2019-03-11 02:00:00-04:00,0.6970000000000001
2019-03-11 03:00:00-04:00,0.623
2019-03-11 04:00:00-04:00,0.443
2019-03-11 05:00:00-04:00,-0.117
2019-03-11 06:00:00-04:00,-0.9440000000000001
2019-03-11 07:00:00-04:00,-0.877
2019-03-11 08:00:00-04:00,1.03
2019-03-11 09:00:00-04:00,2.775
2019-03-11 10:00:00-04:00,4.097
2019-03-11 11:00:00-04:00,4.907
2019-03-11 12:00:00-04:00,5.572
2019-03-11 13:00:00-04:00,6.013
2019-03-11 14:00:00-04:00,6.218
2019-03-11 15:00:00-04:00,6.069
2019-03-11 16:00:00-04:00,5.5
2019-03-11 17:00:00-04:00,4.203
2019-03-11 18:00:00-04:00,2.102
2019-03-11 19:00:00-04:00,0.896
2019-03-11 20:00:00-04:00,0.587
2019-03-11 21:00:00-04:00,0.459
2019-03-11 22:00:00-04:00,-0.20600000000000002
2019-03-11 23:00:00-04:00,-0.744
2019-03-12 00:00:00-04:00,-1.097
2019-03-12 01:00:00-04:00,-1.462
2019-03-12 02:00:00-04:00,-1.733
2019-03-12 03:00:00-04:00,-1.959
2019-03-12 04:00:00-04:00,-2.182
2019-03-12 05:00:00-04:00,-2.371
2019-03-12 06:00:00-04:00,-2.526
2019-03-12 07:00:00-04:00,-2.261
2019-03-12 08:00:00-04:00,-0.636
2019-03-12 09:00:00-04:00,0.784
2019-03-12 10:00:00-04:00,1.936
2019-03-12 11:00:00-04:00,2.461
2019-03-12 12:00:00-04:00,2.698
2019-03-12 13:00:00-04:00,2.8529999999999998
2019-03-12 14:00:00-04:00,2.885
2019-03-12 15:00:00-04:00,2.6470000000000002
2019-03-12 16:00:00-04:00,2.117
2019-03-12 17:00:00-04:00,1.373
2019-03-12 18:00:00-04:00,-0.432
2019-03-12 19:00:00-04:00,-2.059
2019-03-12 20:00:00-04:00,-2.917
2019-03-12 21:00:00-04:00,-3.346
2019-03-12 22:00:00-04:00,-3.553
2019-03-12 23:00:00-04:00,-3.748
2019-03-13 00:00:00-04:00,-3.792
2019-03-13 01:00:00-04:00,-3.954
2019-03-13 02:00:00-04:00,-4.329
2019-03-13 03:00:00-04:00,-4.473
2019-03-13 04:00:00-04:00,-4.494
2019-03-13 05:00:00-04:00,-4.62
2019-03-13 06:00:00-04:00,-4.812
2019-03-13 07:00:00-04:00,-3.999
2019-03-13 08:00:00-04:00,-1.21
2019-03-13 09:00:00-04:00,1.858
2019-03-13 10:00:00-04:00,3.9
2019-03-13 11:00:00-04:00,5.001
2019-03-13 12:00:00-04:00,4.633
2019-03-13 13:00:00-04:00,4.799
2019-03-13 14:00:00-04:00,5.63
2019-03-13 15:00:00-04:00,5.596
2019-03-13 16:00:00-04:00,4.874
2019-03-13 17:00:00-04:00,2.9699999999999998
2019-03-13 18:00:00-04:00,0.6960000000000001
2019-03-13 19:00:00-04:00,-0.12
2019-03-13 20:00:00-04:00,-0.781
2019-03-13 21:00:00-04:00,-1.006
2019-03-13 22:00:00-04:00,-0.917
2019-03-13 23:00:00-04:00,-0.8290000000000001
2019-03-14 00:00:00-04:00,-0.869
2019-03-14 01:00:00-04:00,-0.9430000000000001
2019-03-14 02:00:00-04:00,-0.6990000000000001
2019-03-14 03:00:00-04:00,-0.397
2019-03-14 04:00:00-04:00,-0.58
2019-03-14 05:00:00-04:00,-0.33
2019-03-14 06:00:00-04:00,-0.059000000000000004
2019-03-14 07:00:00-04:00,0.729
2019-03-14 08:00:00-04:00,2.612
2019-03-14 09:00:00-04:00,4.26
2019-03-14 10:00:00-04:00,6.219
2019-03-14 11:00:00-04:00,7.7059999999999995
2019-03-14 12:00:00-04:00,8.588
2019-03-14 13:00:00-04:00,9.091
2019-03-14 14:00:00-04:00,9.436
2019-03-14 15:00:00-04:00,9.306
2019-03-14 16:00:00-04:00,8.309
2019-03-14 17:00:00-04:00,6.533
2019-03-14 18:00:00-04:00,5.186
2019-03-14 19:00:00-04:00,4.408
2019-03-14 20:00:00-04:00,4.227
2019-03-14 21:00:00-04:00,4.147
2019-03-14 22:00:00-04:00,4.09
2019-03-14 23:00:00-04:00,4.208
2019-03-15 00:00:00-04:00,4.473
2019-03-15 01:00:00-04:00,4.821
2019-03-15 02:00:00-04:00,5.364
2019-03-15 03:00:00-04:00,5.86
2019-03-15 04:00:00-04:00,6.1370000000000005
2019-03-15 05:00:00-04:00,6.327
2019-03-15 06:00:00-04:00,6.61
2019-03-15 07:00:00-04:00,6.892
2019-03-15 08:00:00-04:00,7.297
2019-03-15 09:00:00-04:00,7.898
2019-03-15 10:00:00-04:00,9.342
2019-03-15 11:00:00-04:00,11.314
2019-03-15 12:00:00-04:00,12.665
2019-03-15 13:00:00-04:00,13.63
2019-03-15 14:00:00-04:00,14.017
2019-03-15 15:00:00-04:00,14.077
2019-03-15 16:00:00-04:00,13.65
2019-03-15 17:00:00-04:00,12.607
2019-03-15 18:00:00-04:00,10.617
2019-03-15 19:00:00-04:00,9.006
2019-03-15 20:00:00-04:00,8.979
2019-03-15 21:00:00-04:00,7.882
2019-03-15 22:00:00-04:00,6.689
2019-03-15 23:00:00-04:00,6.416
2019-03-16 00:00:00-04:00,6.252
2019-03-16 01:00:00-04:00,6.205
2019-03-16 02:00:00-04:00,5.386
2019-03-16 03:00:00-04:00,4.6530000000000005
2019-03-16 04:00:00-04:00,4.212
2019-03-16 05:00:00-04:00,3.317
2019-03-16 06:00:00-04:00,2.29
2019-03-16 07:00:00-04:00,2.242
2019-03-16 08:00:00-04:00,3.633
2019-03-16 09:00:00-04:00,5.18
2019-03-16 10:00:00-04:00,6.053
2019-03-16 11:00:00-04:00,6.595
2019-03-16 12:00:00-04:00,6.744
2019-03-16 13:00:00-04:00,6.659
2019-03-16 14:00:00-04:00,6.124
2019-03-16 15:00:00-04:00,5.358
2019-03-16 16:00:00-04:00,4.497
2019-03-16 17:00:00-04:00,3.449
2019-03-16 18:00:00-04:00,2.009
2019-03-16 19:00:00-04:00,0.71
2019-03-16 20:00:00-04:00,-0.125
2019-03-16 21:00:00-04:00,-0.878
2019-03-16 22:00:00-04:00,-1.464
2019-03-16 23:00:00-04:00,-1.892
2019-03-17 00:00:00-04:00,-2.225
2019-03-17 01:00:00-04:00,-2.18
2019-03-17 02:00:00-04:00,-2.371
2019-03-17 03:00:00-04:00,-2.543
2019-03-17 04:00:00-04:00,-2.643
2019-03-17 05:00:00-04:00,-2.706
2019-03-17 06:00:00-04:00,-2.915
2019-03-17 07:00:00-04:00,-2.527
2019-03-17 08:00:00-04:00,-1.334
2019-03-17 09:00:00-04:00,-0.319
2019-03-17 10:00:00-04:00,0.877
2019-03-17 11:00:00-04:00,1.85
2019-03-17 12:00:00-04:00,2.674
2019-03-17 13:00:00-04:00,2.9939999999999998
2019-03-17 14:00:00-04:00,2.949
2019-03-17 15:00:00-04:00,2.711
2019-03-17 16:00:00-04:00,2.143
2019-03-17 17:00:00-04:00,1.138
2019-03-17 18:00:00-04:00,-0.631
2019-03-17 19:00:00-04:00,-2.31
2019-03-17 20:00:00-04:00,-2.865
2019-03-17 21:00:00-04:00,-3.374
2019-03-17 22:00:00-04:00,-3.841
2019-03-17 23:00:00-04:00,-4.119
2019-03-18 00:00:00-04:00,-4.379
2019-03-18 01:00:00-04:00,-4.555
2019-03-18 02:00:00-04:00,-4.538
2019-03-18 03:00:00-04:00,-4.422
2019-03-18 04:00:00-04:00,-4.287
2019-03-18 05:00:00-04:00,-4.184
2019-03-18 06:00:00-04:00,-4.085
2019-03-18 07:00:00-04:00,-2.974
2019-03-18 08:00:00-04:00,-0.877
2019-03-18 09:00:00-04:00,0.578
2019-03-18 10:00:00-04:00,1.566
2019-03-18 11:00:00-04:00,2.332
2019-03-18 12:00:00-04:00,3.351
2019-03-18 13:00:00-04:00,3.792
2019-03-18 14:00:00-04:00,3.676
2019-03-18 15:00:00-04:00,3.4939999999999998
2019-03-18 16:00:00-04:00,3.049
2019-03-18 17:00:00-04:00,2.019
2019-03-18 18:00:00-04:00,-0.709
2019-03-18 19:00:00-04:00,-1.8210000000000002
2019-03-18 20:00:00-04:00,-1.742
2019-03-18 21:00:00-04:00,-1.629
2019-03-18 22:00:00-04:00,-1.612
2019-03-18 23:00:00-04:00,-1.85
2019-03-19 00:00:00-04:00,-2.152
2019-03-19 01:00:00-04:00,-2.393
2019-03-19 02:00:00-04:00,-2.364
2019-03-19 03:00:00-04:00,-2.437
2019-03-19 04:00:00-04:00,-2.691
2019-03-19 05:00:00-04:00,-3.092
2019-03-19 06:00:00-04:00,-3.497
2019-03-19 07:00:00-04:00,-2.323
2019-03-19 08:00:00-04:00,-0.106
2019-03-19 09:00:00-04:00,1.374
2019-03-19 10:00:00-04:00,2.737
2019-03-19 11:00:00-04:00,3.94
2019-03-19 12:00:00-04:00,4.912
2019-03-19 13:00:00-04:00,5.422
2019-03-19 14:00:00-04:00,5.287
2019-03-19 15:00:00-04:00,4.833
2019-03-19 16:00:00-04:00,4.143
2019-03-19 17:00:00-04:00,3.119
2019-03-19 18:00:00-04:00,0.124
2019-03-19 19:00:00-04:00,-0.772
2019-03-19 20:00:00-04:00,-0.674
2019-03-19 21:00:00-04:00,-0.405
2019-03-19 22:00:00-04:00,0.013000000000000001
2019-03-19 23:00:00-04:00,0.343
2019-03-20 00:00:00-04:00,0.384
2019-03-20 01:00:00-04:00,0.23500000000000001
2019-03-20 02:00:00-04:00,0.167
2019-03-20 03:00:00-04:00,0.122
2019-03-20 04:00:00-04:00,-0.148
2019-03-20 05:00:00-04:00,-0.585
2019-03-20 06:00:00-04:00,-1.135
2019-03-20 07:00:00-04:00,-0.598
2019-03-20 08:00:00-04:00,1.9769999999999999
2019-03-20 09:00:00-04:00,4.335
2019-03-20 10:00:00-04:00,6.081
2019-03-20 11:00:00-04:00,7.293
2019-03-20 12:00:00-04:00,7.999
2019-03-20 13:00:00-04:00,8.297
2019-03-20 14:00:00-04:00,8.035
2019-03-20 15:00:00-04:00,7.559
2019-03-20 16:00:00-04:00,6.789
2019-03-20 17:00:00-04:00,5.37
2019-03-20 18:00:00-04:00,2.533
2019-03-20 19:00:00-04:00,0.491
2019-03-20 20:00:00-04:00,-0.018000000000000002
2019-03-20 21:00:00-04:00,-0.47000000000000003
2019-03-20 22:00:00-04:00,-0.61
2019-03-20 23:00:00-04:00,-0.621
2019-03-21 00:00:00-04:00,-0.519
2019-03-21 01:00:00-04:00,-0.165
2019-03-21 02:00:00-04:00,0.145
2019-03-21 03:00:00-04:00,0.331
2019-03-21 04:00:00-04:00,0.246
2019-03-21 05:00:00-04:00,0.386
2019-03-21 06:00:00-04:00,0.34500000000000003
2019-03-21 07:00:00-04:00,1.298
2019-03-21 08:00:00-04:00,2.7030000000000003
2019-03-21 09:00:00-04:00,4.233
2019-03-21 10:00:00-04:00,5.16
2019-03-21 11:00:00-04:00,5.661
2019-03-21 12:00:00-04:00,6.399
2019-03-21 13:00:00-04:00,7.187
2019-03-21 14:00:00-04:00,7.283
2019-03-21 15:00:00-04:00,6.744
2019-03-21 16:00:00-04:00,5.8
2019-03-21 17:00:00-04:00,4.781
2019-03-21 18:00:00-04:00,4.008
2019-03-21 19:00:00-04:00,3.395
2019-03-21 20:00:00-04:00,2.915
2019-03-21 21:00:00-04:00,2.6109999999999998
2019-03-21 22:00:00-04:00,2.7119999999999997
2019-03-21 23:00:00-04:00,2.5949999999999998
2019-03-22 00:00:00-04:00,2.372
2019-03-22 01:00:00-04:00,2.3689999999999998
2019-03-22 02:00:00-04:00,2.5700000000000003
2019-03-22 03:00:00-04:00,2.814
2019-03-22 04:00:00-04:00,3.035
2019-03-22 05:00:00-04:00,2.8970000000000002
2019-03-22 06:00:00-04:00,2.348
2019-03-22 07:00:00-04:00,1.78
2019-03-22 08:00:00-04:00,1.448
2019-03-22 09:00:00-04:00,1.635
2019-03-22 10:00:00-04:00,2.228
2019-03-22 11:00:00-04:00,2.9939999999999998
2019-03-22 12:00:00-04:00,4.041
2019-03-22 13:00:00-04:00,5.095
2019-03-22 14:00:00-04:00,5.691
2019-03-22 15:00:00-04:00,5.733
2019-03-22 16:00:00-04:00,5.367
2019-03-22 17:00:00-04:00,4.668
2019-03-22 18:00:00-04:00,3.596
2019-03-22 19:00:00-04:00,2.737
2019-03-22 20:00:00-04:00,2.358
2019-03-22 21:00:00-04:00,2.083
2019-03-22 22:00:00-04:00,1.85
2019-03-22 23:00:00-04:00,1.469
2019-03-23 00:00:00-04:00,0.797
2019-03-23 01:00:00-04:00,0.003
2019-03-23 02:00:00-04:00,-0.876
2019-03-23 03:00:00-04:00,-1.5750000000000002
2019-03-23 04:00:00-04:00,-2.07
2019-03-23 05:00:00-04:00,-2.414
2019-03-23 06:00:00-04:00,-2.602
2019-03-23 07:00:00-04:00,-2.525
2019-03-23 08:00:00-04:00,-1.8290000000000002
2019-03-23 09:00:00-04:00,-0.5710000000000001
2019-03-23 10:00:00-04:00,0.851
2019-03-23 11:00:00-04:00,1.903
2019-03-23 12:00:00-04:00,2.79
2019-03-23 13:00:00-04:00,3.262
2019-03-23 14:00:00-04:00,3.604
2019-03-23 15:00:00-04:00,3.902
2019-03-23 16:00:00-04:00,3.474
2019-03-23 17:00:00-04:00,2.423
2019-03-23 18:00:00-04:00,0.8160000000000001
2019-03-23 19:00:00-04:00,-0.7020000000000001
2019-03-23 20:00:00-04:00,-1.542
2019-03-23 21:00:00-04:00,-2.082
2019-03-23 22:00:00-04:00,-2.473
2019-03-23 23:00:00-04:00,-2.757
2019-03-24 00:00:00-04:00,-2.983
2019-03-24 01:00:00-04:00,-3.107
2019-03-24 02:00:00-04:00,-3.115
2019-03-24 03:00:00-04:00,-3.112
2019-03-24 04:00:00-04:00,-3.078
2019-03-24 05:00:00-04:00,-3.249
2019-03-24 06:00:00-04:00,-3.463
2019-03-24 07:00:00-04:00,-1.8250000000000002
2019-03-24 08:00:00-04:00,0.9390000000000001
2019-03-24 09:00:00-04:00,3.586
2019-03-24 10:00:00-04:00,5.836
2019-03-24 11:00:00-04:00,7.766
2019-03-24 12:00:00-04:00,9.416
2019-03-24 13:00:00-04:00,10.138
2019-03-24 14:00:00-04:00,10.018
2019-03-24 15:00:00-04:00,9.205
2019-03-24 16:00:00-04:00,7.883
2019-03-24 17:00:00-04:00,7.1
2019-03-24 18:00:00-04:00,6.053
2019-03-24 19:00:00-04:00,5.343
2019-03-24 20:00:00-04:00,4.939
2019-03-24 21:00:00-04:00,4.164
2019-03-24 22:00:00-04:00,3.543
2019-03-24 23:00:00-04:00,3.177
2019-03-25 00:00:00-04:00,3.059
2019-03-25 01:00:00-04:00,3.018
2019-03-25 02:00:00-04:00,2.797
2019-03-25 03:00:00-04:00,2.338
2019-03-25 04:00:00-04:00,2.146
2019-03-25 05:00:00-04:00,1.9649999999999999
2019-03-25 06:00:00-04:00,1.651
2019-03-25 07:00:00-04:00,2.349
2019-03-25 08:00:00-04:00,3.426
2019-03-25 09:00:00-04:00,4.287
2019-03-25 10:00:00-04:00,5.341
2019-03-25 11:00:00-04:00,6.625
2019-03-25 12:00:00-04:00,7.68
2019-03-25 13:00:00-04:00,8.342
2019-03-25 14:00:00-04:00,8.434
2019-03-25 15:00:00-04:00,7.52
2019-03-25 16:00:00-04:00,6.5760000000000005
2019-03-25 17:00:00-04:00,5.428
2019-03-25 18:00:00-04:00,3.099
2019-03-25 19:00:00-04:00,1.334
2019-03-25 20:00:00-04:00,0.354
2019-03-25 21:00:00-04:00,-0.526
2019-03-25 22:00:00-04:00,-1.333
2019-03-25 23:00:00-04:00,-2.091
2019-03-26 00:00:00-04:00,-2.799
2019-03-26 01:00:00-04:00,-3.363
2019-03-26 02:00:00-04:00,-3.79
2019-03-26 03:00:00-04:00,-4.075
2019-03-26 04:00:00-04:00,-4.174
2019-03-26 05:00:00-04:00,-4.125
2019-03-26 06:00:00-04:00,-4.135
2019-03-26 07:00:00-04:00,-2.959
2019-03-26 08:00:00-04:00,-0.7020000000000001
2019-03-26 09:00:00-04:00,1.06
2019-03-26 10:00:00-04:00,2.429
2019-03-26 11:00:00-04:00,3.582
2019-03-26 12:00:00-04:00,4.552
2019-03-26 13:00:00-04:00,5.203
2019-03-26 14:00:00-04:00,5.473
2019-03-26 15:00:00-04:00,5.302
2019-03-26 16:00:00-04:00,4.7010000000000005
2019-03-26 17:00:00-04:00,3.597
2019-03-26 18:00:00-04:00,0.838
2019-03-26 19:00:00-04:00,-2.021
2019-03-26 20:00:00-04:00,-2.218
2019-03-26 21:00:00-04:00,-2.5540000000000003
2019-03-26 22:00:00-04:00,-2.992
2019-03-26 23:00:00-04:00,-3.446
2019-03-27 00:00:00-04:00,-3.6189999999999998
2019-03-27 01:00:00-04:00,-3.914
2019-03-27 02:00:00-04:00,-4.025
2019-03-27 03:00:00-04:00,-4.153
2019-03-27 04:00:00-04:00,-4.249
2019-03-27 05:00:00-04:00,-4.328
2019-03-27 06:00:00-04:00,-4.386
2019-03-27 07:00:00-04:00,-2.627
2019-03-27 08:00:00-04:00,-0.393
2019-03-27 09:00:00-04:00,1.433
2019-03-27 10:00:00-04:00,3.181
2019-03-27 11:00:00-04:00,4.796
2019-03-27 12:00:00-04:00,6.16
2019-03-27 13:00:00-04:00,7.056
2019-03-27 14:00:00-04:00,7.289
2019-03-27 15:00:00-04:00,6.892
2019-03-27 16:00:00-04:00,5.997
2019-03-27 17:00:00-04:00,4.141
2019-03-27 18:00:00-04:00,0.961
2019-03-27 19:00:00-04:00,-0.6990000000000001
2019-03-27 20:00:00-04:00,-1.099
2019-03-27 21:00:00-04:00,-1.766
2019-03-27 22:00:00-04:00,-2.432
2019-03-27 23:00:00-04:00,-2.813
2019-03-28 00:00:00-04:00,-2.982
2019-03-28 01:00:00-04:00,-3.02
2019-03-28 02:00:00-04:00,-3.0
2019-03-28 03:00:00-04:00,-2.932
2019-03-28 04:00:00-04:00,-2.917
2019-03-28 05:00:00-04:00,-2.966
2019-03-28 06:00:00-04:00,-2.848
2019-03-28 07:00:00-04:00,-0.664
2019-03-28 08:00:00-04:00,1.919
2019-03-28 09:00:00-04:00,3.911
2019-03-28 10:00:00-04:00,5.548
2019-03-28 11:00:00-04:00,6.652
2019-03-28 12:00:00-04:00,7.111
2019-03-28 13:00:00-04:00,7.561
2019-03-28 14:00:00-04:00,8.162
2019-03-28 15:00:00-04:00,8.131
2019-03-28 16:00:00-04:00,7.296
2019-03-28 17:00:00-04:00,5.72
2019-03-28 18:00:00-04:00,4.375
2019-03-28 19:00:00-04:00,3.251
2019-03-28 20:00:00-04:00,2.6870000000000003
2019-03-28 21:00:00-04:00,2.5060000000000002
2019-03-28 22:00:00-04:00,2.524
2019-03-28 23:00:00-04:00,2.443
2019-03-29 00:00:00-04:00,2.476
2019-03-29 01:00:00-04:00,2.519
2019-03-29 02:00:00-04:00,2.545
2019-03-29 03:00:00-04:00,2.686
2019-03-29 04:00:00-04:00,2.976
2019-03-29 05:00:00-04:00,3.227
2019-03-29 06:00:00-04:00,3.3890000000000002
2019-03-29 07:00:00-04:00,4.038
2019-03-29 08:00:00-04:00,5.026
2019-03-29 09:00:00-04:00,6.189
2019-03-29 10:00:00-04:00,7.384
2019-03-29 11:00:00-04:00,8.636
2019-03-29 12:00:00-04:00,9.923
2019-03-29 13:00:00-04:00,10.744
2019-03-29 14:00:00-04:00,10.861
2019-03-29 15:00:00-04:00,10.654
2019-03-29 16:00:00-04:00,10.882
2019-03-29 17:00:00-04:00,10.696
2019-03-29 18:00:00-04:00,8.88
2019-03-29 19:00:00-04:00,7.372
2019-03-29 20:00:00-04:00,6.996
2019-03-29 21:00:00-04:00,6.6
2019-03-29 22:00:00-04:00,6.273
2019-03-29 23:00:00-04:00,5.956
2019-03-30 00:00:00-04:00,5.798
2019-03-30 01:00:00-04:00,5.881
2019-03-30 02:00:00-04:00,5.6690000000000005
2019-03-30 03:00:00-04:00,4.467
2019-03-30 04:00:00-04:00,3.254
2019-03-30 05:00:00-04:00,2.713
2019-03-30 06:00:00-04:00,3.387
2019-03-30 07:00:00-04:00,4.959
2019-03-30 08:00:00-04:00,6.425
2019-03-30 09:00:00-04:00,8.785
2019-03-30 10:00:00-04:00,11.312
2019-03-30 11:00:00-04:00,13.003
2019-03-30 12:00:00-04:00,13.914
2019-03-30 13:00:00-04:00,14.42
2019-03-30 14:00:00-04:00,14.877
2019-03-30 15:00:00-04:00,14.928
2019-03-30 16:00:00-04:00,14.249
2019-03-30 17:00:00-04:00,12.892
2019-03-30 18:00:00-04:00,11.148
2019-03-30 19:00:00-04:00,9.836
2019-03-30 20:00:00-04:00,9.356
2019-03-30 21:00:00-04:00,8.981
2019-03-30 22:00:00-04:00,8.643
2019-03-30 23:00:00-04:00,8.48
2019-03-31 00:00:00-04:00,8.409
2019-03-31 01:00:00-04:00,8.439
2019-03-31 02:00:00-04:00,8.514
2019-03-31 03:00:00-04:00,8.929
2019-03-31 04:00:00-04:00,9.248
2019-03-31 05:00:00-04:00,9.201
2019-03-31 06:00:00-04:00,8.974
2019-03-31 07:00:00-04:00,9.479
2019-03-31 08:00:00-04:00,10.882
2019-03-31 09:00:00-04:00,12.492
2019-03-31 10:00:00-04:00,13.329
2019-03-31 11:00:00-04:00,12.585
2019-03-31 12:00:00-04:00,11.675
2019-03-31 13:00:00-04:00,11.196
2019-03-31 14:00:00-04:00,10.459
2019-03-31 15:00:00-04:00,9.122
2019-03-31 16:00:00-04:00,7.122
2019-03-31 17:00:00-04:00,5.585
2019-03-31 18:00:00-04:00,4.816
2019-03-31 19:00:00-04:00,3.512
2019-03-31 20:00:00-04:00,2.477
2019-03-31 21:00:00-04:00,1.552
2019-03-31 22:00:00-04:00,0.929
2019-03-31 23:00:00-04:00,0.516
2019-04-01 00:00:00-04:00,0.124
2019-04-01 01:00:00-04:00,-0.385
2019-04-01 02:00:00-04:00,-0.902
2019-04-01 03:00:00-04:00,-1.32
2019-04-01 04:00:00-04:00,-1.669
2019-04-01 05:00:00-04:00,-2.009
2019-04-01 06:00:00-04:00,-2.249
2019-04-01 07:00:00-04:00,-1.423
2019-04-01 08:00:00-04:00,0.14300000000000002
2019-04-01 09:00:00-04:00,1.445
2019-04-01 10:00:00-04:00,2.416
2019-04-01 11:00:00-04:00,3.15
2019-04-01 12:00:00-04:00,3.8369999999999997
2019-04-01 13:00:00-04:00,4.272
2019-04-01 14:00:00-04:00,4.233
2019-04-01 15:00:00-04:00,4.159
2019-04-01 16:00:00-04:00,3.877
2019-04-01 17:00:00-04:00,3.163
2019-04-01 18:00:00-04:00,1.446
2019-04-01 19:00:00-04:00,-1.843
2019-04-01 20:00:00-04:00,-2.842
2019-04-01 21:00:00-04:00,-3.425
2019-04-01 22:00:00-04:00,-3.534
2019-04-01 23:00:00-04:00,-3.268
2019-04-02 00:00:00-04:00,-2.813
2019-04-02 01:00:00-04:00,-2.2800000000000002
2019-04-02 02:00:00-04:00,-1.815
2019-04-02 03:00:00-04:00,-1.7890000000000001
2019-04-02 04:00:00-04:00,-2.291
2019-04-02 05:00:00-04:00,-3.057
2019-04-02 06:00:00-04:00,-3.5380000000000003
2019-04-02 07:00:00-04:00,-0.899
2019-04-02 08:00:00-04:00,1.786
2019-04-02 09:00:00-04:00,3.84
2019-04-02 10:00:00-04:00,5.351
2019-04-02 11:00:00-04:00,6.606
2019-04-02 12:00:00-04:00,7.462
2019-04-02 13:00:00-04:00,7.798
2019-04-02 14:00:00-04:00,7.838
2019-04-02 15:00:00-04:00,7.199
2019-04-02 16:00:00-04:00,6.321
2019-04-02 17:00:00-04:00,4.494
2019-04-02 18:00:00-04:00,3.072
2019-04-02 19:00:00-04:00,1.978
2019-04-02 20:00:00-04:00,1.5310000000000001
2019-04-02 21:00:00-04:00,1.1320000000000001
2019-04-02 22:00:00-04:00,1.041
2019-04-02 23:00:00-04:00,1.18
2019-04-03 00:00:00-04:00,1.244
2019-04-03 01:00:00-04:00,1.287
2019-04-03 02:00:00-04:00,1.258
2019-04-03 03:00:00-04:00,1.19
2019-04-03 04:00:00-04:00,1.186
2019-04-03 05:00:00-04:00,1.193
2019-04-03 06:00:00-04:00,1.158
2019-04-03 07:00:00-04:00,1.6
2019-04-03 08:00:00-04:00,3.196
2019-04-03 09:00:00-04:00,5.871
2019-04-03 10:00:00-04:00,8.632
2019-04-03 11:00:00-04:00,10.869
2019-04-03 12:00:00-04:00,12.689
2019-04-03 13:00:00-04:00,13.76
2019-04-03 14:00:00-04:00,14.098
2019-04-03 15:00:00-04:00,13.713
2019-04-03 16:00:00-04:00,12.766
2019-04-03 17:00:00-04:00,11.533
2019-04-03 18:00:00-04:00,9.82
2019-04-03 19:00:00-04:00,7.7620000000000005
2019-04-03 20:00:00-04:00,6.214
2019-04-03 21:00:00-04:00,4.916
2019-04-03 22:00:00-04:00,3.849
2019-04-03 23:00:00-04:00,2.9450000000000003
2019-04-04 00:00:00-04:00,2.232
2019-04-04 01:00:00-04:00,1.384
2019-04-04 02:00:00-04:00,0.629
2019-04-04 03:00:00-04:00,0.14300000000000002
2019-04-04 04:00:00-04:00,-0.384
2019-04-04 05:00:00-04:00,-0.991
2019-04-04 06:00:00-04:00,-1.3519999999999999
2019-04-04 07:00:00-04:00,0.329
2019-04-04 08:00:00-04:00,2.645
2019-04-04 09:00:00-04:00,4.1
2019-04-04 10:00:00-04:00,5.254
2019-04-04 11:00:00-04:00,6.377
2019-04-04 12:00:00-04:00,7.469
2019-04-04 13:00:00-04:00,8.241
2019-04-04 14:00:00-04:00,8.644
2019-04-04 15:00:00-04:00,8.686
2019-04-04 16:00:00-04:00,8.146
2019-04-04 17:00:00-04:00,6.9879999999999995
2019-04-04 18:00:00-04:00,5.089
2019-04-04 19:00:00-04:00,3.096
2019-04-04 20:00:00-04:00,1.998
2019-04-04 21:00:00-04:00,0.885
2019-04-04 22:00:00-04:00,-0.23
2019-04-04 23:00:00-04:00,-1.109
2019-04-05 00:00:00-04:00,-1.8090000000000002
2019-04-05 01:00:00-04:00,-2.406
2019-04-05 02:00:00-04:00,-2.751
2019-04-05 03:00:00-04:00,-2.7279999999999998
2019-04-05 04:00:00-04:00,-2.468
2019-04-05 05:00:00-04:00,-2.414
2019-04-05 06:00:00-04:00,-2.477
2019-04-05 07:00:00-04:00,-0.912
2019-04-05 08:00:00-04:00,0.448
2019-04-05 09:00:00-04:00,1.81
2019-04-05 10:00:00-04:00,3.303
2019-04-05 11:00:00-04:00,4.594
2019-04-05 12:00:00-04:00,5.365
2019-04-05 13:00:00-04:00,5.42
2019-04-05 14:00:00-04:00,4.985
2019-04-05 15:00:00-04:00,4.208
2019-04-05 16:00:00-04:00,3.29
2019-04-05 17:00:00-04:00,2.36
2019-04-05 18:00:00-04:00,1.301
2019-04-05 19:00:00-04:00,0.417
2019-04-05 20:00:00-04:00,0.185
2019-04-05 21:00:00-04:00,0.111
2019-04-05 22:00:00-04:00,0.169
2019-04-05 23:00:00-04:00,0.307
2019-04-06 00:00:00-04:00,0.514
2019-04-06 01:00:00-04:00,0.721
2019-04-06 02:00:00-04:00,1.016
2019-04-06 03:00:00-04:00,1.396
2019-04-06 04:00:00-04:00,1.862
2019-04-06 05:00:00-04:00,1.834
2019-04-06 06:00:00-04:00,1.361
2019-04-06 07:00:00-04:00,2.066
2019-04-06 08:00:00-04:00,3.77
2019-04-06 09:00:00-04:00,6.133
2019-04-06 10:00:00-04:00,8.822
2019-04-06 11:00:00-04:00,11.252
2019-04-06 12:00:00-04:00,13.039
2019-04-06 13:00:00-04:00,14.105
2019-04-06 14:00:00-04:00,14.593
2019-04-06 15:00:00-04:00,14.545
2019-04-06 16:00:00-04:00,13.998
2019-04-06 17:00:00-04:00,13.015
2019-04-06 18:00:00-04:00,10.717
2019-04-06 19:00:00-04:00,7.434
2019-04-06 20:00:00-04:00,6.542
2019-04-06 21:00:00-04:00,5.6530000000000005
2019-04-06 22:00:00-04:00,4.721
2019-04-06 23:00:00-04:00,3.967
2019-04-07 00:00:00-04:00,3.751
2019-04-07 01:00:00-04:00,3.572
2019-04-07 02:00:00-04:00,2.917
2019-04-07 03:00:00-04:00,2.552
2019-04-07 04:00:00-04:00,2.302
2019-04-07 05:00:00-04:00,2.259
2019-04-07 06:00:00-04:00,2.5460000000000003
2019-04-07 07:00:00-04:00,5.305
2019-04-07 08:00:00-04:00,8.201
2019-04-07 09:00:00-04:00,11.464
2019-04-07 10:00:00-04:00,13.858
2019-04-07 11:00:00-04:00,15.13
2019-04-07 12:00:00-04:00,16.111
2019-04-07 13:00:00-04:00,16.63
2019-04-07 14:00:00-04:00,16.587
2019-04-07 15:00:00-04:00,15.993
2019-04-07 16:00:00-04:00,14.975999999999999
2019-04-07 17:00:00-04:00,13.342
2019-04-07 18:00:00-04:00,11.608
2019-04-07 19:00:00-04:00,10.012
2019-04-07 20:00:00-04:00,9.024
2019-04-07 21:00:00-04:00,8.323
2019-04-07 22:00:00-04:00,7.967
2019-04-07 23:00:00-04:00,7.753
2019-04-08 00:00:00-04:00,7.678
2019-04-08 01:00:00-04:00,7.648
2019-04-08 02:00:00-04:00,7.619
2019-04-08 03:00:00-04:00,7.631
2019-04-08 04:00:00-04:00,7.631
2019-04-08 05:00:00-04:00,7.618
2019-04-08 06:00:00-04:00,7.687
2019-04-08 07:00:00-04:00,8.208
2019-04-08 08:00:00-04:00,8.933
2019-04-08 09:00:00-04:00,9.547
2019-04-08 10:00:00-04:00,10.342
2019-04-08 11:00:00-04:00,10.906
2019-04-08 12:00:00-04:00,11.468
2019-04-08 13:00:00-04:00,12.205
2019-04-08 14:00:00-04:00,12.848
2019-04-08 15:00:00-04:00,13.265
2019-04-08 16:00:00-04:00,13.395
2019-04-08 17:00:00-04:00,13.171
2019-04-08 18:00:00-04:00,11.76
2019-04-08 19:00:00-04:00,9.854
2019-04-08 20:00:00-04:00,8.973
2019-04-08 21:00:00-04:00,7.899
2019-04-08 22:00:00-04:00,7.252
2019-04-08 23:00:00-04:00,6.574
2019-04-09 00:00:00-04:00,6.144
2019-04-09 01:00:00-04:00,6.052
2019-04-09 02:00:00-04:00,5.889
2019-04-09 03:00:00-04:00,5.611
2019-04-09 04:00:00-04:00,5.364
2019-04-09 05:00:00-04:00,5.098
2019-04-09 06:00:00-04:00,4.836
2019-04-09 07:00:00-04:00,4.774
2019-04-09 08:00:00-04:00,4.913
2019-04-09 09:00:00-04:00,5.23
2019-04-09 10:00:00-04:00,5.946
2019-04-09 11:00:00-04:00,6.87
2019-04-09 12:00:00-04:00,7.816
2019-04-09 13:00:00-04:00,8.683
2019-04-09 14:00:00-04:00,9.191
2019-04-09 15:00:00-04:00,9.22
2019-04-09 16:00:00-04:00,8.767
2019-04-09 17:00:00-04:00,7.971
2019-04-09 18:00:00-04:00,7.042
2019-04-09 19:00:00-04:00,6.004
2019-04-09 20:00:00-04:00,5.303
2019-04-09 21:00:00-04:00,5.087
2019-04-09 22:00:00-04:00,4.856
2019-04-09 23:00:00-04:00,4.156
2019-04-10 00:00:00-04:00,3.217
2019-04-10 01:00:00-04:00,3.566
2019-04-10 02:00:00-04:00,3.314
2019-04-10 03:00:00-04:00,2.68
2019-04-10 04:00:00-04:00,2.319
2019-04-10 05:00:00-04:00,1.929
2019-04-10 06:00:00-04:00,1.824
2019-04-10 07:00:00-04:00,3.55
2019-04-10 08:00:00-04:00,5.167
2019-04-10 09:00:00-04:00,6.531
2019-04-10 10:00:00-04:00,7.683
2019-04-10 11:00:00-04:00,8.586
2019-04-10 12:00:00-04:00,9.202
2019-04-10 13:00:00-04:00,9.68
2019-04-10 14:00:00-04:00,9.846
2019-04-10 15:00:00-04:00,9.646
2019-04-10 16:00:00-04:00,9.085
2019-04-10 17:00:00-04:00,8.147
2019-04-10 18:00:00-04:00,6.612
2019-04-10 19:00:00-04:00,4.066
2019-04-10 20:00:00-04:00,3.028
2019-04-10 21:00:00-04:00,1.881
2019-04-10 22:00:00-04:00,1.049
2019-04-10 23:00:00-04:00,0.507
2019-04-11 00:00:00-04:00,-0.053
2019-04-11 01:00:00-04:00,-0.562
2019-04-11 02:00:00-04:00,-2.065
2019-04-11 03:00:00-04:00,-2.701
2019-04-11 04:00:00-04:00,-3.001
2019-04-11 05:00:00-04:00,-3.236
2019-04-11 06:00:00-04:00,-3.013
2019-04-11 07:00:00-04:00,-0.075
2019-04-11 08:00:00-04:00,2.734
2019-04-11 09:00:00-04:00,4.587
2019-04-11 10:00:00-04:00,6.386
2019-04-11 11:00:00-04:00,8.11
2019-04-11 12:00:00-04:00,9.555
2019-04-11 13:00:00-04:00,10.747
2019-04-11 14:00:00-04:00,11.548
2019-04-11 15:00:00-04:00,11.666
2019-04-11 16:00:00-04:00,11.336
2019-04-11 17:00:00-04:00,10.615
2019-04-11 18:00:00-04:00,8.787
2019-04-11 19:00:00-04:00,6.612
2019-04-11 20:00:00-04:00,5.802
2019-04-11 21:00:00-04:00,4.547
2019-04-11 22:00:00-04:00,3.454
2019-04-11 23:00:00-04:00,3.29
2019-04-12 00:00:00-04:00,2.767
2019-04-12 01:00:00-04:00,2.835
2019-04-12 02:00:00-04:00,2.606
2019-04-12 03:00:00-04:00,2.378
2019-04-12 04:00:00-04:00,2.7880000000000003
2019-04-12 05:00:00-04:00,3.278
2019-04-12 06:00:00-04:00,3.644
2019-04-12 07:00:00-04:00,4.175
2019-04-12 08:00:00-04:00,4.668
2019-04-12 09:00:00-04:00,5.479
2019-04-12 10:00:00-04:00,6.746
2019-04-12 11:00:00-04:00,8.153
2019-04-12 12:00:00-04:00,9.483
2019-04-12 13:00:00-04:00,10.651
2019-04-12 14:00:00-04:00,11.624
2019-04-12 15:00:00-04:00,12.319
2019-04-12 16:00:00-04:00,12.599
2019-04-12 17:00:00-04:00,12.472
2019-04-12 18:00:00-04:00,11.905
2019-04-12 19:00:00-04:00,11.059
2019-04-12 20:00:00-04:00,10.813
2019-04-12 21:00:00-04:00,10.808
2019-04-12 22:00:00-04:00,10.999
2019-04-12 23:00:00-04:00,11.276
2019-04-13 00:00:00-04:00,11.503
2019-04-13 01:00:00-04:00,11.583
2019-04-13 02:00:00-04:00,11.575
2019-04-13 03:00:00-04:00,11.603
2019-04-13 04:00:00-04:00,11.542
2019-04-13 05:00:00-04:00,11.477
2019-04-13 06:00:00-04:00,11.375
2019-04-13 07:00:00-04:00,11.609
2019-04-13 08:00:00-04:00,11.975
2019-04-13 09:00:00-04:00,12.681000000000001
2019-04-13 10:00:00-04:00,14.1
2019-04-13 11:00:00-04:00,15.846
2019-04-13 12:00:00-04:00,17.19
2019-04-13 13:00:00-04:00,18.057
2019-04-13 14:00:00-04:00,18.905
2019-04-13 15:00:00-04:00,19.643
2019-04-13 16:00:00-04:00,19.551
2019-04-13 17:00:00-04:00,18.436
2019-04-13 18:00:00-04:00,16.198
2019-04-13 19:00:00-04:00,14.152
2019-04-13 20:00:00-04:00,13.029
2019-04-13 21:00:00-04:00,11.493
2019-04-13 22:00:00-04:00,10.452
2019-04-13 23:00:00-04:00,10.107
2019-04-14 00:00:00-04:00,8.975
2019-04-14 01:00:00-04:00,8.387
2019-04-14 02:00:00-04:00,7.727
2019-04-14 03:00:00-04:00,7.531
2019-04-14 04:00:00-04:00,7.23
2019-04-14 05:00:00-04:00,7.084
2019-04-14 06:00:00-04:00,7.075
2019-04-14 07:00:00-04:00,9.451
2019-04-14 08:00:00-04:00,11.772
2019-04-14 09:00:00-04:00,14.815
2019-04-14 10:00:00-04:00,17.126
2019-04-14 11:00:00-04:00,18.72
2019-04-14 12:00:00-04:00,19.589
2019-04-14 13:00:00-04:00,19.62
2019-04-14 14:00:00-04:00,19.336
2019-04-14 15:00:00-04:00,18.453
2019-04-14 16:00:00-04:00,16.957
2019-04-14 17:00:00-04:00,15.667
2019-04-14 18:00:00-04:00,14.473
2019-04-14 19:00:00-04:00,13.314
2019-04-14 20:00:00-04:00,12.521
2019-04-14 21:00:00-04:00,12.029
2019-04-14 22:00:00-04:00,11.773
2019-04-14 23:00:00-04:00,11.856
2019-04-15 00:00:00-04:00,12.015
2019-04-15 01:00:00-04:00,11.991
2019-04-15 02:00:00-04:00,12.297
2019-04-15 03:00:00-04:00,12.755
2019-04-15 04:00:00-04:00,12.969
2019-04-15 05:00:00-04:00,13.473
2019-04-15 06:00:00-04:00,13.751
2019-04-15 07:00:00-04:00,13.894
2019-04-15 08:00:00-04:00,13.98
2019-04-15 09:00:00-04:00,14.497
2019-04-15 10:00:00-04:00,15.462
2019-04-15 11:00:00-04:00,17.002
2019-04-15 12:00:00-04:00,17.627
2019-04-15 13:00:00-04:00,17.314
2019-04-15 14:00:00-04:00,16.284
2019-04-15 15:00:00-04:00,14.485
2019-04-15 16:00:00-04:00,12.012
2019-04-15 17:00:00-04:00,9.963
2019-04-15 18:00:00-04:00,8.112
2019-04-15 19:00:00-04:00,6.33
2019-04-15 20:00:00-04:00,5.277
2019-04-15 21:00:00-04:00,4.774
2019-04-15 22:00:00-04:00,4.498
2019-04-15 23:00:00-04:00,4.275
2019-04-16 00:00:00-04:00,4.078
2019-04-16 01:00:00-04:00,3.79
2019-04-16 02:00:00-04:00,3.421
2019-04-16 03:00:00-04:00,3.001
2019-04-16 04:00:00-04:00,2.573
2019-04-16 05:00:00-04:00,2.153
2019-04-16 06:00:00-04:00,1.917
2019-04-16 07:00:00-04:00,2.951
2019-04-16 08:00:00-04:00,4.571
2019-04-16 09:00:00-04:00,6.235
2019-04-16 10:00:00-04:00,7.87
2019-04-16 11:00:00-04:00,9.426
2019-04-16 12:00:00-04:00,10.842
2019-04-16 13:00:00-04:00,11.897
2019-04-16 14:00:00-04:00,12.551
2019-04-16 15:00:00-04:00,12.73
2019-04-16 16:00:00-04:00,12.326
2019-04-16 17:00:00-04:00,11.16
2019-04-16 18:00:00-04:00,9.539
2019-04-16 19:00:00-04:00,7.684
2019-04-16 20:00:00-04:00,6.5809999999999995
2019-04-16 21:00:00-04:00,5.462
2019-04-16 22:00:00-04:00,4.27
2019-04-16 23:00:00-04:00,3.838
2019-04-17 00:00:00-04:00,4.261
2019-04-17 01:00:00-04:00,3.7640000000000002
2019-04-17 02:00:00-04:00,3.201
2019-04-17 03:00:00-04:00,2.582
2019-04-17 04:00:00-04:00,2.061
2019-04-17 05:00:00-04:00,1.126
2019-04-17 06:00:00-04:00,1.02
2019-04-17 07:00:00-04:00,4.31
2019-04-17 08:00:00-04:00,7.422
2019-04-17 09:00:00-04:00,10.027
2019-04-17 10:00:00-04:00,11.632
2019-04-17 11:00:00-04:00,13.291
2019-04-17 12:00:00-04:00,14.786
2019-04-17 13:00:00-04:00,15.856
2019-04-17 14:00:00-04:00,16.3
2019-04-17 15:00:00-04:00,16.194
2019-04-17 16:00:00-04:00,15.583
2019-04-17 17:00:00-04:00,14.702
2019-04-17 18:00:00-04:00,12.572
2019-04-17 19:00:00-04:00,8.889
2019-04-17 20:00:00-04:00,6.769
2019-04-17 21:00:00-04:00,5.594
2019-04-17 22:00:00-04:00,4.65
2019-04-17 23:00:00-04:00,3.7359999999999998
2019-04-18 00:00:00-04:00,3.1
2019-04-18 01:00:00-04:00,2.9699999999999998
2019-04-18 02:00:00-04:00,3.8369999999999997
2019-04-18 03:00:00-04:00,4.454
2019-04-18 04:00:00-04:00,4.641
2019-04-18 05:00:00-04:00,4.8629999999999995
2019-04-18 06:00:00-04:00,5.127
2019-04-18 07:00:00-04:00,5.91
2019-04-18 08:00:00-04:00,7.364
2019-04-18 09:00:00-04:00,9.344
2019-04-18 10:00:00-04:00,10.378
2019-04-18 11:00:00-04:00,10.62
2019-04-18 12:00:00-04:00,10.648
2019-04-18 13:00:00-04:00,10.705
2019-04-18 14:00:00-04:00,10.842
2019-04-18 15:00:00-04:00,10.833
2019-04-18 16:00:00-04:00,10.819
2019-04-18 17:00:00-04:00,10.944
2019-04-18 18:00:00-04:00,11.116
2019-04-18 19:00:00-04:00,11.291
2019-04-18 20:00:00-04:00,11.572
2019-04-18 21:00:00-04:00,11.469
2019-04-18 22:00:00-04:00,11.154
2019-04-18 23:00:00-04:00,11.024
2019-04-19 00:00:00-04:00,11.334
2019-04-19 01:00:00-04:00,11.65
2019-04-19 02:00:00-04:00,11.714
2019-04-19 03:00:00-04:00,11.697
2019-04-19 04:00:00-04:00,11.758
2019-04-19 05:00:00-04:00,11.92
2019-04-19 06:00:00-04:00,12.153
2019-04-19 07:00:00-04:00,13.144
2019-04-19 08:00:00-04:00,14.463
2019-04-19 09:00:00-04:00,15.286
2019-04-19 10:00:00-04:00,16.313
2019-04-19 11:00:00-04:00,17.392
2019-04-19 12:00:00-04:00,18.241
2019-04-19 13:00:00-04:00,18.788
2019-04-19 14:00:00-04:00,19.4
2019-04-19 15:00:00-04:00,19.228
2019-04-19 16:00:00-04:00,18.477
2019-04-19 17:00:00-04:00,17.384
2019-04-19 18:00:00-04:00,16.045
2019-04-19 19:00:00-04:00,14.997
2019-04-19 20:00:00-04:00,14.412
2019-04-19 21:00:00-04:00,14.153
2019-04-19 22:00:00-04:00,14.126
2019-04-19 23:00:00-04:00,14.326
2019-04-20 00:00:00-04:00,14.543
2019-04-20 01:00:00-04:00,14.659
2019-04-20 02:00:00-04:00,14.95
2019-04-20 03:00:00-04:00,15.262
2019-04-20 04:00:00-04:00,15.477
2019-04-20 05:00:00-04:00,15.597
2019-04-20 06:00:00-04:00,15.717
2019-04-20 07:00:00-04:00,16.007
2019-04-20 08:00:00-04:00,16.371
2019-04-20 09:00:00-04:00,16.723
2019-04-20 10:00:00-04:00,17.252
2019-04-20 11:00:00-04:00,17.684
2019-04-20 12:00:00-04:00,17.983
2019-04-20 13:00:00-04:00,17.999
2019-04-20 14:00:00-04:00,17.948
2019-04-20 15:00:00-04:00,17.436
2019-04-20 16:00:00-04:00,16.319
2019-04-20 17:00:00-04:00,14.938
2019-04-20 18:00:00-04:00,13.945
2019-04-20 19:00:00-04:00,12.949
2019-04-20 20:00:00-04:00,12.476
2019-04-20 21:00:00-04:00,12.532
2019-04-20 22:00:00-04:00,12.922
2019-04-20 23:00:00-04:00,13.395
2019-04-21 00:00:00-04:00,13.111
2019-04-21 01:00:00-04:00,12.463
2019-04-21 02:00:00-04:00,12.108
2019-04-21 03:00:00-04:00,11.838
2019-04-21 04:00:00-04:00,11.709
2019-04-21 05:00:00-04:00,10.678
2019-04-21 06:00:00-04:00,10.707
2019-04-21 07:00:00-04:00,11.866
2019-04-21 08:00:00-04:00,12.697
2019-04-21 09:00:00-04:00,13.748
2019-04-21 10:00:00-04:00,15.593
2019-04-21 11:00:00-04:00,17.375
2019-04-21 12:00:00-04:00,17.781
2019-04-21 13:00:00-04:00,17.836
2019-04-21 14:00:00-04:00,17.998
2019-04-21 15:00:00-04:00,17.748
2019-04-21 16:00:00-04:00,16.955
2019-04-21 17:00:00-04:00,15.881
2019-04-21 18:00:00-04:00,14.26
2019-04-21 19:00:00-04:00,11.633
2019-04-21 20:00:00-04:00,10.184
2019-04-21 21:00:00-04:00,9.34
2019-04-21 22:00:00-04:00,9.09
2019-04-21 23:00:00-04:00,9.295
2019-04-22 00:00:00-04:00,8.972
2019-04-22 01:00:00-04:00,7.947
2019-04-22 02:00:00-04:00,6.801
2019-04-22 03:00:00-04:00,6.463
2019-04-22 04:00:00-04:00,7.152
2019-04-22 05:00:00-04:00,7.463
2019-04-22 06:00:00-04:00,8.118
2019-04-22 07:00:00-04:00,9.89
2019-04-22 08:00:00-04:00,12.471
2019-04-22 09:00:00-04:00,15.09
2019-04-22 10:00:00-04:00,16.301
2019-04-22 11:00:00-04:00,16.773
2019-04-22 12:00:00-04:00,17.089
2019-04-22 13:00:00-04:00,17.48
2019-04-22 14:00:00-04:00,17.142
2019-04-22 15:00:00-04:00,16.23
2019-04-22 16:00:00-04:00,15.366
2019-04-22 17:00:00-04:00,14.744
2019-04-22 18:00:00-04:00,14.035
2019-04-22 19:00:00-04:00,13.17
2019-04-22 20:00:00-04:00,12.868
2019-04-22 21:00:00-04:00,12.701
2019-04-22 22:00:00-04:00,12.57
2019-04-22 23:00:00-04:00,12.429
2019-04-23 00:00:00-04:00,12.179
2019-04-23 01:00:00-04:00,11.711
2019-04-23 02:00:00-04:00,11.294
2019-04-23 03:00:00-04:00,10.943
2019-04-23 04:00:00-04:00,10.583
2019-04-23 05:00:00-04:00,10.259
2019-04-23 06:00:00-04:00,10.226
2019-04-23 07:00:00-04:00,11.384
2019-04-23 08:00:00-04:00,13.434
2019-04-23 09:00:00-04:00,15.392
2019-04-23 10:00:00-04:00,17.024
2019-04-23 11:00:00-04:00,18.381
2019-04-23 12:00:00-04:00,19.784
2019-04-23 13:00:00-04:00,20.748
2019-04-23 14:00:00-04:00,20.81
2019-04-23 15:00:00-04:00,20.885
2019-04-23 16:00:00-04:00,20.24
2019-04-23 17:00:00-04:00,18.819
2019-04-23 18:00:00-04:00,16.481
2019-04-23 19:00:00-04:00,14.11
2019-04-23 20:00:00-04:00,12.855
2019-04-23 21:00:00-04:00,11.915
2019-04-23 22:00:00-04:00,11.186
2019-04-23 23:00:00-04:00,10.527
2019-04-24 00:00:00-04:00,10.322
2019-04-24 01:00:00-04:00,10.451
2019-04-24 02:00:00-04:00,10.615
2019-04-24 03:00:00-04:00,10.596
2019-04-24 04:00:00-04:00,10.371
2019-04-24 05:00:00-04:00,9.671
2019-04-24 06:00:00-04:00,10.115
2019-04-24 07:00:00-04:00,11.471
2019-04-24 08:00:00-04:00,12.515
2019-04-24 09:00:00-04:00,13.600999999999999
2019-04-24 10:00:00-04:00,14.526
2019-04-24 11:00:00-04:00,15.326
2019-04-24 12:00:00-04:00,15.92
2019-04-24 13:00:00-04:00,16.228
2019-04-24 14:00:00-04:00,16.226
2019-04-24 15:00:00-04:00,15.864
2019-04-24 16:00:00-04:00,15.17
2019-04-24 17:00:00-04:00,14.122
2019-04-24 18:00:00-04:00,12.536
2019-04-24 19:00:00-04:00,10.015
2019-04-24 20:00:00-04:00,8.347
2019-04-24 21:00:00-04:00,7.258
2019-04-24 22:00:00-04:00,6.071
2019-04-24 23:00:00-04:00,5.13
2019-04-25 00:00:00-04:00,4.395
2019-04-25 01:00:00-04:00,3.95
2019-04-25 02:00:00-04:00,3.815
2019-04-25 03:00:00-04:00,3.829
2019-04-25 04:00:00-04:00,3.792
2019-04-25 05:00:00-04:00,3.748
2019-04-25 06:00:00-04:00,3.98
2019-04-25 07:00:00-04:00,6.114
2019-04-25 08:00:00-04:00,9.027
2019-04-25 09:00:00-04:00,11.444
2019-04-25 10:00:00-04:00,13.737
2019-04-25 11:00:00-04:00,15.478
2019-04-25 12:00:00-04:00,16.622
2019-04-25 13:00:00-04:00,17.404
2019-04-25 14:00:00-04:00,17.749
2019-04-25 15:00:00-04:00,17.558
2019-04-25 16:00:00-04:00,16.752
2019-04-25 17:00:00-04:00,15.289
2019-04-25 18:00:00-04:00,13.164
2019-04-25 19:00:00-04:00,11.126
2019-04-25 20:00:00-04:00,9.924
2019-04-25 21:00:00-04:00,9.139
2019-04-25 22:00:00-04:00,8.536
2019-04-25 23:00:00-04:00,8.082
2019-04-26 00:00:00-04:00,7.955
2019-04-26 01:00:00-04:00,7.946
2019-04-26 02:00:00-04:00,7.96
2019-04-26 03:00:00-04:00,8.011
2019-04-26 04:00:00-04:00,7.997
2019-04-26 05:00:00-04:00,7.985
2019-04-26 06:00:00-04:00,7.985
2019-04-26 07:00:00-04:00,8.391
2019-04-26 08:00:00-04:00,8.962
2019-04-26 09:00:00-04:00,9.545
2019-04-26 10:00:00-04:00,10.209
2019-04-26 11:00:00-04:00,10.832
2019-04-26 12:00:00-04:00,11.442
2019-04-26 13:00:00-04:00,11.736
2019-04-26 14:00:00-04:00,11.752
2019-04-26 15:00:00-04:00,11.744
2019-04-26 16:00:00-04:00,12.112
2019-04-26 17:00:00-04:00,12.292
2019-04-26 18:00:00-04:00,12.078
2019-04-26 19:00:00-04:00,11.888
2019-04-26 20:00:00-04:00,12.202
2019-04-26 21:00:00-04:00,12.696
2019-04-26 22:00:00-04:00,12.901
2019-04-26 23:00:00-04:00,12.486
2019-04-27 00:00:00-04:00,12.529
2019-04-27 01:00:00-04:00,12.135
2019-04-27 02:00:00-04:00,10.901
2019-04-27 03:00:00-04:00,9.158
2019-04-27 04:00:00-04:00,7.713
2019-04-27 05:00:00-04:00,7.157
2019-04-27 06:00:00-04:00,6.982
2019-04-27 07:00:00-04:00,7.5120000000000005
2019-04-27 08:00:00-04:00,8.253
2019-04-27 09:00:00-04:00,9.244
2019-04-27 10:00:00-04:00,9.965
2019-04-27 11:00:00-04:00,10.263
2019-04-27 12:00:00-04:00,10.301
2019-04-27 13:00:00-04:00,9.756
2019-04-27 14:00:00-04:00,9.317
2019-04-27 15:00:00-04:00,9.309
2019-04-27 16:00:00-04:00,8.993
2019-04-27 17:00:00-04:00,8.356
2019-04-27 18:00:00-04:00,7.332
2019-04-27 19:00:00-04:00,6.167
2019-04-27 20:00:00-04:00,5.23
2019-04-27 21:00:00-04:00,4.618
2019-04-27 22:00:00-04:00,4.21
2019-04-27 23:00:00-04:00,3.811
2019-04-28 00:00:00-04:00,3.685
2019-04-28 01:00:00-04:00,3.636
2019-04-28 02:00:00-04:00,3.303
2019-04-28 03:00:00-04:00,2.59
2019-04-28 04:00:00-04:00,1.772
2019-04-28 05:00:00-04:00,1.609
2019-04-28 06:00:00-04:00,2.451
2019-04-28 07:00:00-04:00,5.658
2019-04-28 08:00:00-04:00,8.347
2019-04-28 09:00:00-04:00,10.413
2019-04-28 10:00:00-04:00,11.736
2019-04-28 11:00:00-04:00,11.561
2019-04-28 12:00:00-04:00,9.767
2019-04-28 13:00:00-04:00,9.516
2019-04-28 14:00:00-04:00,10.114
2019-04-28 15:00:00-04:00,9.907
2019-04-28 16:00:00-04:00,9.512
2019-04-28 17:00:00-04:00,8.938
2019-04-28 18:00:00-04:00,8.265
2019-04-28 19:00:00-04:00,7.091
2019-04-28 20:00:00-04:00,5.454
2019-04-28 21:00:00-04:00,4.616
2019-04-28 22:00:00-04:00,3.769
2019-04-28 23:00:00-04:00,3.145
2019-04-29 00:00:00-04:00,2.567
2019-04-29 01:00:00-04:00,2.162
2019-04-29 02:00:00-04:00,1.73
2019-04-29 03:00:00-04:00,1.204
2019-04-29 04:00:00-04:00,0.611
2019-04-29 05:00:00-04:00,-0.013000000000000001
2019-04-29 06:00:00-04:00,0.499
2019-04-29 07:00:00-04:00,3.008
2019-04-29 08:00:00-04:00,6.499
2019-04-29 09:00:00-04:00,9.063
2019-04-29 10:00:00-04:00,10.997
2019-04-29 11:00:00-04:00,12.229
2019-04-29 12:00:00-04:00,13.315
2019-04-29 13:00:00-04:00,14.211
2019-04-29 14:00:00-04:00,14.353
2019-04-29 15:00:00-04:00,14.012
2019-04-29 16:00:00-04:00,13.76
2019-04-29 17:00:00-04:00,13.27
2019-04-29 18:00:00-04:00,11.600999999999999
2019-04-29 19:00:00-04:00,9.344
2019-04-29 20:00:00-04:00,8.153
2019-04-29 21:00:00-04:00,7.378
2019-04-29 22:00:00-04:00,7.026
2019-04-29 23:00:00-04:00,6.621
2019-04-30 00:00:00-04:00,6.105
2019-04-30 01:00:00-04:00,5.8629999999999995
2019-04-30 02:00:00-04:00,5.702
2019-04-30 03:00:00-04:00,5.514
2019-04-30 04:00:00-04:00,5.458
2019-04-30 05:00:00-04:00,5.468
2019-04-30 06:00:00-04:00,5.478
2019-04-30 07:00:00-04:00,5.768
2019-04-30 08:00:00-04:00,6.204
2019-04-30 09:00:00-04:00,6.759
2019-04-30 10:00:00-04:00,7.518
2019-04-30 11:00:00-04:00,8.357
2019-04-30 12:00:00-04:00,9.095
2019-04-30 13:00:00-04:00,9.826
2019-04-30 14:00:00-04:00,10.56
2019-04-30 15:00:00-04:00,11.172
2019-04-30 16:00:00-04:00,11.359
2019-04-30 17:00:00-04:00,11.011
2019-04-30 18:00:00-04:00,10.137
2019-04-30 19:00:00-04:00,8.175
2019-04-30 20:00:00-04:00,7.09
2019-04-30 21:00:00-04:00,6.73
2019-04-30 22:00:00-04:00,6.354
2019-04-30 23:00:00-04:00,5.556
2019-05-01 00:00:00-04:00,5.047
2019-05-01 01:00:00-04:00,4.361
2019-05-01 02:00:00-04:00,3.983
2019-05-01 03:00:00-04:00,4.486
2019-05-01 04:00:00-04:00,4.596
2019-05-01 05:00:00-04:00,4.542
2019-05-01 06:00:00-04:00,5.05
2019-05-01 07:00:00-04:00,7.266
2019-05-01 08:00:00-04:00,9.922
2019-05-01 09:00:00-04:00,11.816
2019-05-01 10:00:00-04:00,12.799
2019-05-01 11:00:00-04:00,13.519
2019-05-01 12:00:00-04:00,13.921
2019-05-01 13:00:00-04:00,13.878
2019-05-01 14:00:00-04:00,13.682
2019-05-01 15:00:00-04:00,13.232
2019-05-01 16:00:00-04:00,12.518
2019-05-01 17:00:00-04:00,11.636
2019-05-01 18:00:00-04:00,10.609
2019-05-01 19:00:00-04:00,9.513
2019-05-01 20:00:00-04:00,8.708
2019-05-01 21:00:00-04:00,8.218
2019-05-01 22:00:00-04:00,7.944
2019-05-01 23:00:00-04:00,7.776
2019-05-02 00:00:00-04:00,7.711
2019-05-02 01:00:00-04:00,8.09
2019-05-02 02:00:00-04:00,8.336
2019-05-02 03:00:00-04:00,8.352
2019-05-02 04:00:00-04:00,8.273
2019-05-02 05:00:00-04:00,8.014
2019-05-02 06:00:00-04:00,8.266
2019-05-02 07:00:00-04:00,9.503
2019-05-02 08:00:00-04:00,11.657
2019-05-02 09:00:00-04:00,13.767
2019-05-02 10:00:00-04:00,15.7
2019-05-02 11:00:00-04:00,18.014
2019-05-02 12:00:00-04:00,19.563
2019-05-02 13:00:00-04:00,20.278
2019-05-02 14:00:00-04:00,20.016
2019-05-02 15:00:00-04:00,18.506
2019-05-02 16:00:00-04:00,16.844
2019-05-02 17:00:00-04:00,15.266
2019-05-02 18:00:00-04:00,13.746
2019-05-02 19:00:00-04:00,12.123
2019-05-02 20:00:00-04:00,10.853
2019-05-02 21:00:00-04:00,10.018
2019-05-02 22:00:00-04:00,9.288
2019-05-02 23:00:00-04:00,8.691
2019-05-03 00:00:00-04:00,8.278
2019-05-03 01:00:00-04:00,7.908
2019-05-03 02:00:00-04:00,7.548
2019-05-03 03:00:00-04:00,7.212
2019-05-03 04:00:00-04:00,6.954
2019-05-03 05:00:00-04:00,6.753
2019-05-03 06:00:00-04:00,6.864
2019-05-03 07:00:00-04:00,7.6530000000000005
2019-05-03 08:00:00-04:00,8.991
2019-05-03 09:00:00-04:00,10.525
2019-05-03 10:00:00-04:00,12.034
2019-05-03 11:00:00-04:00,13.122
2019-05-03 12:00:00-04:00,13.876
2019-05-03 13:00:00-04:00,14.293
2019-05-03 14:00:00-04:00,14.532
2019-05-03 15:00:00-04:00,14.553
2019-05-03 16:00:00-04:00,14.12
2019-05-03 17:00:00-04:00,13.839
2019-05-03 18:00:00-04:00,13.34
2019-05-03 19:00:00-04:00,12.041
2019-05-03 20:00:00-04:00,10.94
2019-05-03 21:00:00-04:00,10.587
2019-05-03 22:00:00-04:00,10.279
2019-05-03 23:00:00-04:00,10.085
2019-05-04 00:00:00-04:00,9.949
2019-05-04 01:00:00-04:00,9.85
2019-05-04 02:00:00-04:00,9.7
2019-05-04 03:00:00-04:00,9.694
2019-05-04 04:00:00-04:00,9.837
2019-05-04 05:00:00-04:00,9.611
2019-05-04 06:00:00-04:00,9.809
2019-05-04 07:00:00-04:00,10.727
2019-05-04 08:00:00-04:00,12.043
2019-05-04 09:00:00-04:00,13.405
2019-05-04 10:00:00-04:00,14.529
2019-05-04 11:00:00-04:00,15.485
2019-05-04 12:00:00-04:00,16.471
2019-05-04 13:00:00-04:00,17.827
2019-05-04 14:00:00-04:00,18.783
2019-05-04 15:00:00-04:00,18.982
2019-05-04 16:00:00-04:00,18.716
2019-05-04 17:00:00-04:00,18.539
2019-05-04 18:00:00-04:00,17.546
2019-05-04 19:00:00-04:00,15.687
2019-05-04 20:00:00-04:00,14.432
2019-05-04 21:00:00-04:00,13.766
2019-05-04 22:00:00-04:00,13.267
2019-05-04 23:00:00-04:00,12.893
2019-05-05 00:00:00-04:00,12.571
2019-05-05 01:00:00-04:00,12.234
2019-05-05 02:00:00-04:00,11.903
2019-05-05 03:00:00-04:00,11.641
2019-05-05 04:00:00-04:00,11.435
2019-05-05 05:00:00-04:00,11.187
2019-05-05 06:00:00-04:00,11.143
2019-05-05 07:00:00-04:00,11.207
2019-05-05 08:00:00-04:00,11.459
2019-05-05 09:00:00-04:00,11.884
2019-05-05 10:00:00-04:00,12.433
2019-05-05 11:00:00-04:00,12.995
2019-05-05 12:00:00-04:00,13.29
2019-05-05 13:00:00-04:00,13.386
2019-05-05 14:00:00-04:00,13.247
2019-05-05 15:00:00-04:00,13.054
2019-05-05 16:00:00-04:00,12.849
2019-05-05 17:00:00-04:00,12.348
2019-05-05 18:00:00-04:00,11.731
2019-05-05 19:00:00-04:00,10.963
2019-05-05 20:00:00-04:00,10.342
2019-05-05 21:00:00-04:00,9.872
2019-05-05 22:00:00-04:00,9.423
2019-05-05 23:00:00-04:00,9.039
2019-05-06 00:00:00-04:00,8.705
2019-05-06 01:00:00-04:00,8.369
2019-05-06 02:00:00-04:00,7.958
2019-05-06 03:00:00-04:00,7.5600000000000005
2019-05-06 04:00:00-04:00,7.22
2019-05-06 05:00:00-04:00,6.968
2019-05-06 06:00:00-04:00,7.376
2019-05-06 07:00:00-04:00,8.766
2019-05-06 08:00:00-04:00,11.039
2019-05-06 09:00:00-04:00,13.216
2019-05-06 10:00:00-04:00,15.099
2019-05-06 11:00:00-04:00,16.72
2019-05-06 12:00:00-04:00,18.04
2019-05-06 13:00:00-04:00,18.937
2019-05-06 14:00:00-04:00,19.427
2019-05-06 15:00:00-04:00,19.587
2019-05-06 16:00:00-04:00,19.056
2019-05-06 17:00:00-04:00,18.104
2019-05-06 18:00:00-04:00,16.529
2019-05-06 19:00:00-04:00,14.254
2019-05-06 20:00:00-04:00,12.805
2019-05-06 21:00:00-04:00,12.032
2019-05-06 22:00:00-04:00,11.281
2019-05-06 23:00:00-04:00,10.566
2019-05-07 00:00:00-04:00,9.869
2019-05-07 01:00:00-04:00,9.318
2019-05-07 02:00:00-04:00,8.56
2019-05-07 03:00:00-04:00,8.012
2019-05-07 04:00:00-04:00,7.679
2019-05-07 05:00:00-04:00,7.389
2019-05-07 06:00:00-04:00,8.422
2019-05-07 07:00:00-04:00,10.395
2019-05-07 08:00:00-04:00,12.683
2019-05-07 09:00:00-04:00,14.867
2019-05-07 10:00:00-04:00,16.719
2019-05-07 11:00:00-04:00,18.039
2019-05-07 12:00:00-04:00,18.811
2019-05-07 13:00:00-04:00,19.118
2019-05-07 14:00:00-04:00,19.23
2019-05-07 15:00:00-04:00,19.161
2019-05-07 16:00:00-04:00,18.581
2019-05-07 17:00:00-04:00,17.576999999999998
2019-05-07 18:00:00-04:00,16.18
2019-05-07 19:00:00-04:00,14.29
2019-05-07 20:00:00-04:00,12.865
2019-05-07 21:00:00-04:00,12.333
2019-05-07 22:00:00-04:00,11.981
2019-05-07 23:00:00-04:00,11.572
2019-05-08 00:00:00-04:00,11.087
2019-05-08 01:00:00-04:00,10.745
2019-05-08 02:00:00-04:00,10.695
2019-05-08 03:00:00-04:00,10.655
2019-05-08 04:00:00-04:00,10.653
2019-05-08 05:00:00-04:00,10.348
2019-05-08 06:00:00-04:00,10.188
2019-05-08 07:00:00-04:00,10.89
2019-05-08 08:00:00-04:00,12.549
2019-05-08 09:00:00-04:00,14.393
2019-05-08 10:00:00-04:00,16.2
2019-05-08 11:00:00-04:00,17.703
2019-05-08 12:00:00-04:00,18.857
2019-05-08 13:00:00-04:00,19.557
2019-05-08 14:00:00-04:00,19.807
2019-05-08 15:00:00-04:00,19.637
2019-05-08 16:00:00-04:00,19.05
2019-05-08 17:00:00-04:00,18.039
2019-05-08 18:00:00-04:00,16.852
2019-05-08 19:00:00-04:00,13.455
2019-05-08 20:00:00-04:00,10.871
2019-05-08 21:00:00-04:00,9.803
2019-05-08 22:00:00-04:00,8.484
2019-05-08 23:00:00-04:00,7.3870000000000005
2019-05-09 00:00:00-04:00,7.032
2019-05-09 01:00:00-04:00,6.721
2019-05-09 02:00:00-04:00,6.078
2019-05-09 03:00:00-04:00,5.533
2019-05-09 04:00:00-04:00,5.155
2019-05-09 05:00:00-04:00,4.818
2019-05-09 06:00:00-04:00,5.471
2019-05-09 07:00:00-04:00,7.619
2019-05-09 08:00:00-04:00,9.91
2019-05-09 09:00:00-04:00,11.559
2019-05-09 10:00:00-04:00,13.2
2019-05-09 11:00:00-04:00,14.5
2019-05-09 12:00:00-04:00,15.354
2019-05-09 13:00:00-04:00,15.64
2019-05-09 14:00:00-04:00,15.276
2019-05-09 15:00:00-04:00,14.676
2019-05-09 16:00:00-04:00,13.877
2019-05-09 17:00:00-04:00,12.553
2019-05-09 18:00:00-04:00,11.052
2019-05-09 19:00:00-04:00,9.511
2019-05-09 20:00:00-04:00,8.398
2019-05-09 21:00:00-04:00,7.879
2019-05-09 22:00:00-04:00,7.604
2019-05-09 23:00:00-04:00,7.53
2019-05-10 00:00:00-04:00,7.624
2019-05-10 01:00:00-04:00,7.825
2019-05-10 02:00:00-04:00,7.963
2019-05-10 03:00:00-04:00,8.066
2019-05-10 04:00:00-04:00,8.176
2019-05-10 05:00:00-04:00,8.323
2019-05-10 06:00:00-04:00,8.721
2019-05-10 07:00:00-04:00,9.566
2019-05-10 08:00:00-04:00,10.43
2019-05-10 09:00:00-04:00,11.589
2019-05-10 10:00:00-04:00,13.306
2019-05-10 11:00:00-04:00,15.151
2019-05-10 12:00:00-04:00,17.151
2019-05-10 13:00:00-04:00,18.582
2019-05-10 14:00:00-04:00,18.485
2019-05-10 15:00:00-04:00,17.544
2019-05-10 16:00:00-04:00,16.928
2019-05-10 17:00:00-04:00,16.806
2019-05-10 18:00:00-04:00,16.522
2019-05-10 19:00:00-04:00,15.466
2019-05-10 20:00:00-04:00,14.326
2019-05-10 21:00:00-04:00,13.661
2019-05-10 22:00:00-04:00,13.52
2019-05-10 23:00:00-04:00,13.576
2019-05-11 00:00:00-04:00,13.271
2019-05-11 01:00:00-04:00,12.904
2019-05-11 02:00:00-04:00,12.294
2019-05-11 03:00:00-04:00,11.102
2019-05-11 04:00:00-04:00,9.838
2019-05-11 05:00:00-04:00,8.997
2019-05-11 06:00:00-04:00,8.666
2019-05-11 07:00:00-04:00,8.801
2019-05-11 08:00:00-04:00,9.503
2019-05-11 09:00:00-04:00,10.838
2019-05-11 10:00:00-04:00,12.355
2019-05-11 11:00:00-04:00,14.247
2019-05-11 12:00:00-04:00,15.918
2019-05-11 13:00:00-04:00,17.016
2019-05-11 14:00:00-04:00,17.623
2019-05-11 15:00:00-04:00,17.775
2019-05-11 16:00:00-04:00,17.476
2019-05-11 17:00:00-04:00,16.795
2019-05-11 18:00:00-04:00,15.625
2019-05-11 19:00:00-04:00,12.617
2019-05-11 20:00:00-04:00,10.445
2019-05-11 21:00:00-04:00,10.146
2019-05-11 22:00:00-04:00,9.983
2019-05-11 23:00:00-04:00,10.009
2019-05-12 00:00:00-04:00,9.45
2019-05-12 01:00:00-04:00,8.733
2019-05-12 02:00:00-04:00,8.093
2019-05-12 03:00:00-04:00,7.6850000000000005
2019-05-12 04:00:00-04:00,6.888
2019-05-12 05:00:00-04:00,5.96
2019-05-12 06:00:00-04:00,5.827
2019-05-12 07:00:00-04:00,6.109
2019-05-12 08:00:00-04:00,6.525
2019-05-12 09:00:00-04:00,7.126
2019-05-12 10:00:00-04:00,7.549
2019-05-12 11:00:00-04:00,7.362
2019-05-12 12:00:00-04:00,6.983
2019-05-12 13:00:00-04:00,6.729
2019-05-12 14:00:00-04:00,6.366
2019-05-12 15:00:00-04:00,5.748
2019-05-12 16:00:00-04:00,4.995
2019-05-12 17:00:00-04:00,4.369
2019-05-12 18:00:00-04:00,4.164
2019-05-12 19:00:00-04:00,3.977
2019-05-12 20:00:00-04:00,3.8369999999999997
2019-05-12 21:00:00-04:00,3.886
2019-05-12 22:00:00-04:00,3.8810000000000002
2019-05-12 23:00:00-04:00,3.8040000000000003
2019-05-13 00:00:00-04:00,3.685
2019-05-13 01:00:00-04:00,3.472
2019-05-13 02:00:00-04:00,3.343
2019-05-13 03:00:00-04:00,3.362
2019-05-13 04:00:00-04:00,3.412
2019-05-13 05:00:00-04:00,3.45
2019-05-13 06:00:00-04:00,3.925
2019-05-13 07:00:00-04:00,5.17
2019-05-13 08:00:00-04:00,7.027
2019-05-13 09:00:00-04:00,9.249
2019-05-13 10:00:00-04:00,11.033
2019-05-13 11:00:00-04:00,11.577
2019-05-13 12:00:00-04:00,12.174
2019-05-13 13:00:00-04:00,12.471
2019-05-13 14:00:00-04:00,12.165
2019-05-13 15:00:00-04:00,11.597
2019-05-13 16:00:00-04:00,10.716
2019-05-13 17:00:00-04:00,9.573
2019-05-13 18:00:00-04:00,8.081
2019-05-13 19:00:00-04:00,6.713
2019-05-13 20:00:00-04:00,5.155
2019-05-13 21:00:00-04:00,4.392
2019-05-13 22:00:00-04:00,4.221
2019-05-13 23:00:00-04:00,4.092
2019-05-14 00:00:00-04:00,3.99
2019-05-14 01:00:00-04:00,3.832
2019-05-14 02:00:00-04:00,3.682
2019-05-14 03:00:00-04:00,3.507
2019-05-14 04:00:00-04:00,3.345
2019-05-14 05:00:00-04:00,3.187
2019-05-14 06:00:00-04:00,3.469
2019-05-14 07:00:00-04:00,4.404
2019-05-14 08:00:00-04:00,5.639
2019-05-14 09:00:00-04:00,7.41
2019-05-14 10:00:00-04:00,9.482
2019-05-14 11:00:00-04:00,11.022
2019-05-14 12:00:00-04:00,11.755
2019-05-14 13:00:00-04:00,12.325
2019-05-14 14:00:00-04:00,12.692
2019-05-14 15:00:00-04:00,12.414
2019-05-14 16:00:00-04:00,11.808
2019-05-14 17:00:00-04:00,10.978
2019-05-14 18:00:00-04:00,10.082
2019-05-14 19:00:00-04:00,8.911
2019-05-14 20:00:00-04:00,8.052
2019-05-14 21:00:00-04:00,7.655
2019-05-14 22:00:00-04:00,7.344
2019-05-14 23:00:00-04:00,7.026
2019-05-15 00:00:00-04:00,6.747
2019-05-15 01:00:00-04:00,6.459
2019-05-15 02:00:00-04:00,6.026
2019-05-15 03:00:00-04:00,5.609
2019-05-15 04:00:00-04:00,5.309
2019-05-15 05:00:00-04:00,5.157
2019-05-15 06:00:00-04:00,5.297
2019-05-15 07:00:00-04:00,5.937
2019-05-15 08:00:00-04:00,8.043
2019-05-15 09:00:00-04:00,10.342
2019-05-15 10:00:00-04:00,12.005
2019-05-15 11:00:00-04:00,13.391
2019-05-15 12:00:00-04:00,14.352
2019-05-15 13:00:00-04:00,15.092
2019-05-15 14:00:00-04:00,15.728
2019-05-15 15:00:00-04:00,16.172
2019-05-15 16:00:00-04:00,16.095
2019-05-15 17:00:00-04:00,15.738
2019-05-15 18:00:00-04:00,15.277
2019-05-15 19:00:00-04:00,13.21
2019-05-15 20:00:00-04:00,11.343
2019-05-15 21:00:00-04:00,10.199
2019-05-15 22:00:00-04:00,9.689
2019-05-15 23:00:00-04:00,9.588
2019-05-16 00:00:00-04:00,9.892
2019-05-16 01:00:00-04:00,9.966
2019-05-16 02:00:00-04:00,9.69
2019-05-16 03:00:00-04:00,9.126
2019-05-16 04:00:00-04:00,8.32
2019-05-16 05:00:00-04:00,7.905
2019-05-16 06:00:00-04:00,8.921
2019-05-16 07:00:00-04:00,10.495
2019-05-16 08:00:00-04:00,12.862
2019-05-16 09:00:00-04:00,15.259
2019-05-16 10:00:00-04:00,16.688
2019-05-16 11:00:00-04:00,17.632
2019-05-16 12:00:00-04:00,18.366
2019-05-16 13:00:00-04:00,18.545
2019-05-16 14:00:00-04:00,18.678
2019-05-16 15:00:00-04:00,18.811
2019-05-16 16:00:00-04:00,18.487
2019-05-16 17:00:00-04:00,18.104
2019-05-16 18:00:00-04:00,17.558
2019-05-16 19:00:00-04:00,15.797
2019-05-16 20:00:00-04:00,14.600999999999999
2019-05-16 21:00:00-04:00,13.693
2019-05-16 22:00:00-04:00,12.884
2019-05-16 23:00:00-04:00,11.883
2019-05-17 00:00:00-04:00,10.691
2019-05-17 01:00:00-04:00,9.289
2019-05-17 02:00:00-04:00,8.337
2019-05-17 03:00:00-04:00,8.099
2019-05-17 04:00:00-04:00,8.78
2019-05-17 05:00:00-04:00,9.269
2019-05-17 06:00:00-04:00,10.363
2019-05-17 07:00:00-04:00,12.302
2019-05-17 08:00:00-04:00,14.691
2019-05-17 09:00:00-04:00,15.584
2019-05-17 10:00:00-04:00,15.63
2019-05-17 11:00:00-04:00,16.177
2019-05-17 12:00:00-04:00,17.211
2019-05-17 13:00:00-04:00,17.621
2019-05-17 14:00:00-04:00,17.636
2019-05-17 15:00:00-04:00,17.933
2019-05-17 16:00:00-04:00,18.627
2019-05-17 17:00:00-04:00,18.922
2019-05-17 18:00:00-04:00,18.297
2019-05-17 19:00:00-04:00,16.401
2019-05-17 20:00:00-04:00,14.491
2019-05-17 21:00:00-04:00,13.94
2019-05-17 22:00:00-04:00,13.788
2019-05-17 23:00:00-04:00,13.816
2019-05-18 00:00:00-04:00,12.573
2019-05-18 01:00:00-04:00,11.123
2019-05-18 02:00:00-04:00,10.238
2019-05-18 03:00:00-04:00,9.652
2019-05-18 04:00:00-04:00,9.265
2019-05-18 05:00:00-04:00,8.898
2019-05-18 06:00:00-04:00,9.498
2019-05-18 07:00:00-04:00,11.334
2019-05-18 08:00:00-04:00,12.995
2019-05-18 09:00:00-04:00,14.437
2019-05-18 10:00:00-04:00,15.757
2019-05-18 11:00:00-04:00,16.941
2019-05-18 12:00:00-04:00,18.04
2019-05-18 13:00:00-04:00,19.304
2019-05-18 14:00:00-04:00,20.243
2019-05-18 15:00:00-04:00,20.635
2019-05-18 16:00:00-04:00,20.482
2019-05-18 17:00:00-04:00,20.584
2019-05-18 18:00:00-04:00,19.393
2019-05-18 19:00:00-04:00,17.1
2019-05-18 20:00:00-04:00,14.687
2019-05-18 21:00:00-04:00,13.101
2019-05-18 22:00:00-04:00,11.696
2019-05-18 23:00:00-04:00,10.827
2019-05-19 00:00:00-04:00,10.437
2019-05-19 01:00:00-04:00,10.392
2019-05-19 02:00:00-04:00,10.085
2019-05-19 03:00:00-04:00,9.839
2019-05-19 04:00:00-04:00,9.758
2019-05-19 05:00:00-04:00,9.941
2019-05-19 06:00:00-04:00,11.085
2019-05-19 07:00:00-04:00,12.655
2019-05-19 08:00:00-04:00,14.915
2019-05-19 09:00:00-04:00,17.205
2019-05-19 10:00:00-04:00,18.958
2019-05-19 11:00:00-04:00,20.196
2019-05-19 12:00:00-04:00,21.078
2019-05-19 13:00:00-04:00,21.612
2019-05-19 14:00:00-04:00,21.866
2019-05-19 15:00:00-04:00,21.636
2019-05-19 16:00:00-04:00,20.964
2019-05-19 17:00:00-04:00,19.909
2019-05-19 18:00:00-04:00,18.612
2019-05-19 19:00:00-04:00,17.204
2019-05-19 20:00:00-04:00,16.197
2019-05-19 21:00:00-04:00,15.875
2019-05-19 22:00:00-04:00,15.778
2019-05-19 23:00:00-04:00,15.735
2019-05-20 00:00:00-04:00,15.663
2019-05-20 01:00:00-04:00,15.545
2019-05-20 02:00:00-04:00,15.48
2019-05-20 03:00:00-04:00,15.411
2019-05-20 04:00:00-04:00,15.379
2019-05-20 05:00:00-04:00,15.218
2019-05-20 06:00:00-04:00,15.227
2019-05-20 07:00:00-04:00,16.021
2019-05-20 08:00:00-04:00,18.015
2019-05-20 09:00:00-04:00,21.083
2019-05-20 10:00:00-04:00,23.343
2019-05-20 11:00:00-04:00,24.496
2019-05-20 12:00:00-04:00,24.88
2019-05-20 13:00:00-04:00,25.153
2019-05-20 14:00:00-04:00,25.357
2019-05-20 15:00:00-04:00,25.14
2019-05-20 16:00:00-04:00,24.568
2019-05-20 17:00:00-04:00,23.625
2019-05-20 18:00:00-04:00,22.147
2019-05-20 19:00:00-04:00,20.385
2019-05-20 20:00:00-04:00,19.197
2019-05-20 21:00:00-04:00,18.774
2019-05-20 22:00:00-04:00,18.032
2019-05-20 23:00:00-04:00,16.775
2019-05-21 00:00:00-04:00,15.108
2019-05-21 01:00:00-04:00,13.71
2019-05-21 02:00:00-04:00,12.742
2019-05-21 03:00:00-04:00,11.783
2019-05-21 04:00:00-04:00,10.684
2019-05-21 05:00:00-04:00,9.655
2019-05-21 06:00:00-04:00,9.613
2019-05-21 07:00:00-04:00,10.351
2019-05-21 08:00:00-04:00,11.514
2019-05-21 09:00:00-04:00,12.823
2019-05-21 10:00:00-04:00,14.049
2019-05-21 11:00:00-04:00,15.272
2019-05-21 12:00:00-04:00,16.444
2019-05-21 13:00:00-04:00,17.299
2019-05-21 14:00:00-04:00,17.737
2019-05-21 15:00:00-04:00,17.734
2019-05-21 16:00:00-04:00,17.231
2019-05-21 17:00:00-04:00,16.453
2019-05-21 18:00:00-04:00,15.326
2019-05-21 19:00:00-04:00,13.764
2019-05-21 20:00:00-04:00,12.275
2019-05-21 21:00:00-04:00,11.605
2019-05-21 22:00:00-04:00,11.04
2019-05-21 23:00:00-04:00,10.449
2019-05-22 00:00:00-04:00,9.836
2019-05-22 01:00:00-04:00,9.352
2019-05-22 02:00:00-04:00,9.085
2019-05-22 03:00:00-04:00,9.053
2019-05-22 04:00:00-04:00,8.84
2019-05-22 05:00:00-04:00,8.394
2019-05-22 06:00:00-04:00,9.04
2019-05-22 07:00:00-04:00,11.212
2019-05-22 08:00:00-04:00,13.295
2019-05-22 09:00:00-04:00,14.659
2019-05-22 10:00:00-04:00,15.954
2019-05-22 11:00:00-04:00,17.244
2019-05-22 12:00:00-04:00,18.482
2019-05-22 13:00:00-04:00,19.482
2019-05-22 14:00:00-04:00,20.186
2019-05-22 15:00:00-04:00,20.562
2019-05-22 16:00:00-04:00,20.568
2019-05-22 17:00:00-04:00,20.455
2019-05-22 18:00:00-04:00,20.607
2019-05-22 19:00:00-04:00,18.017
2019-05-22 20:00:00-04:00,15.29
2019-05-22 21:00:00-04:00,13.031
2019-05-22 22:00:00-04:00,11.483
2019-05-22 23:00:00-04:00,10.716
2019-05-23 00:00:00-04:00,10.467
2019-05-23 01:00:00-04:00,10.204
2019-05-23 02:00:00-04:00,10.279
2019-05-23 03:00:00-04:00,10.48
2019-05-23 04:00:00-04:00,10.658
2019-05-23 05:00:00-04:00,10.864
2019-05-23 06:00:00-04:00,11.486
2019-05-23 07:00:00-04:00,12.706
2019-05-23 08:00:00-04:00,14.34
2019-05-23 09:00:00-04:00,15.674
2019-05-23 10:00:00-04:00,16.328
2019-05-23 11:00:00-04:00,16.724
2019-05-23 12:00:00-04:00,17.376
2019-05-23 13:00:00-04:00,17.973
2019-05-23 14:00:00-04:00,18.1
2019-05-23 15:00:00-04:00,18.128
2019-05-23 16:00:00-04:00,17.647
2019-05-23 17:00:00-04:00,16.747
2019-05-23 18:00:00-04:00,15.934
2019-05-23 19:00:00-04:00,15.161
2019-05-23 20:00:00-04:00,14.514
2019-05-23 21:00:00-04:00,14.276
2019-05-23 22:00:00-04:00,14.311
2019-05-23 23:00:00-04:00,15.066
2019-05-24 00:00:00-04:00,16.013
2019-05-24 01:00:00-04:00,16.481
2019-05-24 02:00:00-04:00,16.29
2019-05-24 03:00:00-04:00,15.479
2019-05-24 04:00:00-04:00,14.663
2019-05-24 05:00:00-04:00,13.978
2019-05-24 06:00:00-04:00,14.111
2019-05-24 07:00:00-04:00,15.163
2019-05-24 08:00:00-04:00,16.373
2019-05-24 09:00:00-04:00,17.471
2019-05-24 10:00:00-04:00,18.386
2019-05-24 11:00:00-04:00,19.186
2019-05-24 12:00:00-04:00,19.901
2019-05-24 13:00:00-04:00,20.411
2019-05-24 14:00:00-04:00,20.586
2019-05-24 15:00:00-04:00,20.243
2019-05-24 16:00:00-04:00,19.474
2019-05-24 17:00:00-04:00,18.658
2019-05-24 18:00:00-04:00,17.723
2019-05-24 19:00:00-04:00,16.277
2019-05-24 20:00:00-04:00,14.434
2019-05-24 21:00:00-04:00,13.208
2019-05-24 22:00:00-04:00,12.54
2019-05-24 23:00:00-04:00,11.600999999999999
2019-05-25 00:00:00-04:00,10.674
2019-05-25 01:00:00-04:00,10.426
2019-05-25 02:00:00-04:00,10.600999999999999
2019-05-25 03:00:00-04:00,10.565
2019-05-25 04:00:00-04:00,10.249
2019-05-25 05:00:00-04:00,9.874
2019-05-25 06:00:00-04:00,10.95
2019-05-25 07:00:00-04:00,13.41
2019-05-25 08:00:00-04:00,15.916
2019-05-25 09:00:00-04:00,17.754
2019-05-25 10:00:00-04:00,18.995
2019-05-25 11:00:00-04:00,19.742
2019-05-25 12:00:00-04:00,20.163
2019-05-25 13:00:00-04:00,20.581
2019-05-25 14:00:00-04:00,20.625
2019-05-25 15:00:00-04:00,20.183
2019-05-25 16:00:00-04:00,19.307
2019-05-25 17:00:00-04:00,18.246
2019-05-25 18:00:00-04:00,16.916
2019-05-25 19:00:00-04:00,15.375
2019-05-25 20:00:00-04:00,13.935
2019-05-25 21:00:00-04:00,12.881
2019-05-25 22:00:00-04:00,12.2
2019-05-25 23:00:00-04:00,12.064
2019-05-26 00:00:00-04:00,12.276
2019-05-26 01:00:00-04:00,12.613
2019-05-26 02:00:00-04:00,12.888
2019-05-26 03:00:00-04:00,13.097
2019-05-26 04:00:00-04:00,13.165
2019-05-26 05:00:00-04:00,13.045
2019-05-26 06:00:00-04:00,13.705
2019-05-26 07:00:00-04:00,15.25
2019-05-26 08:00:00-04:00,17.976
2019-05-26 09:00:00-04:00,21.093
2019-05-26 10:00:00-04:00,23.488
2019-05-26 11:00:00-04:00,25.11
2019-05-26 12:00:00-04:00,26.204
2019-05-26 13:00:00-04:00,26.793
2019-05-26 14:00:00-04:00,26.982
2019-05-26 15:00:00-04:00,26.824
2019-05-26 16:00:00-04:00,26.276
2019-05-26 17:00:00-04:00,25.018
2019-05-26 18:00:00-04:00,23.51
2019-05-26 19:00:00-04:00,21.773
2019-05-26 20:00:00-04:00,20.463
2019-05-26 21:00:00-04:00,19.918
2019-05-26 22:00:00-04:00,19.343
2019-05-26 23:00:00-04:00,18.666
2019-05-27 00:00:00-04:00,17.934
2019-05-27 01:00:00-04:00,16.945
2019-05-27 02:00:00-04:00,15.882
2019-05-27 03:00:00-04:00,14.896
2019-05-27 04:00:00-04:00,14.077
2019-05-27 05:00:00-04:00,13.544
2019-05-27 06:00:00-04:00,14.418
2019-05-27 07:00:00-04:00,16.491
2019-05-27 08:00:00-04:00,18.624
2019-05-27 09:00:00-04:00,20.198
2019-05-27 10:00:00-04:00,21.483
2019-05-27 11:00:00-04:00,22.562
2019-05-27 12:00:00-04:00,23.322
2019-05-27 13:00:00-04:00,23.785
2019-05-27 14:00:00-04:00,23.908
2019-05-27 15:00:00-04:00,23.804
2019-05-27 16:00:00-04:00,23.377
2019-05-27 17:00:00-04:00,22.854
2019-05-27 18:00:00-04:00,21.744
2019-05-27 19:00:00-04:00,19.256
2019-05-27 20:00:00-04:00,17.589
2019-05-27 21:00:00-04:00,17.009
2019-05-27 22:00:00-04:00,16.435
2019-05-27 23:00:00-04:00,15.528
2019-05-28 00:00:00-04:00,14.58
2019-05-28 01:00:00-04:00,14.07
2019-05-28 02:00:00-04:00,13.852
2019-05-28 03:00:00-04:00,13.493
2019-05-28 04:00:00-04:00,13.231
2019-05-28 05:00:00-04:00,13.042
2019-05-28 06:00:00-04:00,13.264
2019-05-28 07:00:00-04:00,14.426
2019-05-28 08:00:00-04:00,15.683
2019-05-28 09:00:00-04:00,16.841
2019-05-28 10:00:00-04:00,17.337
2019-05-28 11:00:00-04:00,16.445
2019-05-28 12:00:00-04:00,15.649000000000001
2019-05-28 13:00:00-04:00,15.444
2019-05-28 14:00:00-04:00,14.967
2019-05-28 15:00:00-04:00,14.775
2019-05-28 16:00:00-04:00,15.092
2019-05-28 17:00:00-04:00,15.19
2019-05-28 18:00:00-04:00,14.835
2019-05-28 19:00:00-04:00,14.342
2019-05-28 20:00:00-04:00,14.015
2019-05-28 21:00:00-04:00,13.862
2019-05-28 22:00:00-04:00,13.7
2019-05-28 23:00:00-04:00,13.518
2019-05-29 00:00:00-04:00,12.998
2019-05-29 01:00:00-04:00,12.612
2019-05-29 02:00:00-04:00,12.049
2019-05-29 03:00:00-04:00,11.522
2019-05-29 04:00:00-04:00,11.005
2019-05-29 05:00:00-04:00,10.598
2019-05-29 06:00:00-04:00,10.591
2019-05-29 07:00:00-04:00,11.168
2019-05-29 08:00:00-04:00,12.094
2019-05-29 09:00:00-04:00,13.412
2019-05-29 10:00:00-04:00,14.993
2019-05-29 11:00:00-04:00,16.973
2019-05-29 12:00:00-04:00,18.69
2019-05-29 13:00:00-04:00,19.878
2019-05-29 14:00:00-04:00,20.721
2019-05-29 15:00:00-04:00,20.521
2019-05-29 16:00:00-04:00,19.373
2019-05-29 17:00:00-04:00,17.87
2019-05-29 18:00:00-04:00,16.296
2019-05-29 19:00:00-04:00,14.926
2019-05-29 20:00:00-04:00,13.787
2019-05-29 21:00:00-04:00,13.0
2019-05-29 22:00:00-04:00,12.395
2019-05-29 23:00:00-04:00,11.924
2019-05-30 00:00:00-04:00,11.58
2019-05-30 01:00:00-04:00,11.282
2019-05-30 02:00:00-04:00,11.047
2019-05-30 03:00:00-04:00,10.86
2019-05-30 04:00:00-04:00,10.785
2019-05-30 05:00:00-04:00,10.624
2019-05-30 06:00:00-04:00,11.63
2019-05-30 07:00:00-04:00,13.628
2019-05-30 08:00:00-04:00,14.903
2019-05-30 09:00:00-04:00,16.081
2019-05-30 10:00:00-04:00,17.697
2019-05-30 11:00:00-04:00,18.938
2019-05-30 12:00:00-04:00,19.543
2019-05-30 13:00:00-04:00,19.998
2019-05-30 14:00:00-04:00,20.058
2019-05-30 15:00:00-04:00,19.748
2019-05-30 16:00:00-04:00,19.128
2019-05-30 17:00:00-04:00,18.26
2019-05-30 18:00:00-04:00,17.162
2019-05-30 19:00:00-04:00,16.152
2019-05-30 20:00:00-04:00,15.244
2019-05-30 21:00:00-04:00,14.635
2019-05-30 22:00:00-04:00,14.234
2019-05-30 23:00:00-04:00,13.984
2019-05-31 00:00:00-04:00,13.929
2019-05-31 01:00:00-04:00,13.781
2019-05-31 02:00:00-04:00,13.616
2019-05-31 03:00:00-04:00,13.262
2019-05-31 04:00:00-04:00,13.127
2019-05-31 05:00:00-04:00,13.356
2019-05-31 06:00:00-04:00,14.869
2019-05-31 07:00:00-04:00,16.256
2019-05-31 08:00:00-04:00,17.737
2019-05-31 09:00:00-04:00,19.703
2019-05-31 10:00:00-04:00,21.292
2019-05-31 11:00:00-04:00,22.394
2019-05-31 12:00:00-04:00,23.275
2019-05-31 13:00:00-04:00,23.9
2019-05-31 14:00:00-04:00,24.234
2019-05-31 15:00:00-04:00,24.132
2019-05-31 16:00:00-04:00,23.611
2019-05-31 17:00:00-04:00,22.825
2019-05-31 18:00:00-04:00,21.255
2019-05-31 19:00:00-04:00,19.418
2019-05-31 20:00:00-04:00,18.1
2019-05-31 21:00:00-04:00,17.282
2019-05-31 22:00:00-04:00,16.327
2019-05-31 23:00:00-04:00,15.573
2019-06-01 00:00:00-04:00,14.913
2019-06-01 01:00:00-04:00,14.283
2019-06-01 02:00:00-04:00,13.38
2019-06-01 03:00:00-04:00,12.683
2019-06-01 04:00:00-04:00,12.055
2019-06-01 05:00:00-04:00,11.809
2019-06-01 06:00:00-04:00,13.258
2019-06-01 07:00:00-04:00,14.984
2019-06-01 08:00:00-04:00,17.834
2019-06-01 09:00:00-04:00,20.588
2019-06-01 10:00:00-04:00,22.111
2019-06-01 11:00:00-04:00,22.932
2019-06-01 12:00:00-04:00,23.502
2019-06-01 13:00:00-04:00,23.974
2019-06-01 14:00:00-04:00,24.268
2019-06-01 15:00:00-04:00,24.128
2019-06-01 16:00:00-04:00,23.474
2019-06-01 17:00:00-04:00,22.248
2019-06-01 18:00:00-04:00,20.537
2019-06-01 19:00:00-04:00,18.851
2019-06-01 20:00:00-04:00,17.447
2019-06-01 21:00:00-04:00,16.731
2019-06-01 22:00:00-04:00,16.202
2019-06-01 23:00:00-04:00,15.797
2019-06-02 00:00:00-04:00,15.579
2019-06-02 01:00:00-04:00,15.405
2019-06-02 02:00:00-04:00,15.182
2019-06-02 03:00:00-04:00,14.838
2019-06-02 04:00:00-04:00,14.552
2019-06-02 05:00:00-04:00,14.332
2019-06-02 06:00:00-04:00,14.506
2019-06-02 07:00:00-04:00,15.535
2019-06-02 08:00:00-04:00,17.293
2019-06-02 09:00:00-04:00,19.109
2019-06-02 10:00:00-04:00,20.685
2019-06-02 11:00:00-04:00,21.917
2019-06-02 12:00:00-04:00,22.892
2019-06-02 13:00:00-04:00,23.467
2019-06-02 14:00:00-04:00,23.672
2019-06-02 15:00:00-04:00,23.344
2019-06-02 16:00:00-04:00,22.323
2019-06-02 17:00:00-04:00,21.042
2019-06-02 18:00:00-04:00,19.925
2019-06-02 19:00:00-04:00,18.899
2019-06-02 20:00:00-04:00,17.865
2019-06-02 21:00:00-04:00,17.386
2019-06-02 22:00:00-04:00,17.144
2019-06-02 23:00:00-04:00,16.285
2019-06-03 00:00:00-04:00,14.243
2019-06-03 01:00:00-04:00,12.207
2019-06-03 02:00:00-04:00,11.457
2019-06-03 03:00:00-04:00,11.07
2019-06-03 04:00:00-04:00,10.273
2019-06-03 05:00:00-04:00,9.281
2019-06-03 06:00:00-04:00,10.321
2019-06-03 07:00:00-04:00,12.203
2019-06-03 08:00:00-04:00,14.374
2019-06-03 09:00:00-04:00,15.654
2019-06-03 10:00:00-04:00,16.589
2019-06-03 11:00:00-04:00,17.344
2019-06-03 12:00:00-04:00,17.933
2019-06-03 13:00:00-04:00,18.317
2019-06-03 14:00:00-04:00,18.446
2019-06-03 15:00:00-04:00,18.306
2019-06-03 16:00:00-04:00,17.885
2019-06-03 17:00:00-04:00,17.128
2019-06-03 18:00:00-04:00,15.984
2019-06-03 19:00:00-04:00,14.31
2019-06-03 20:00:00-04:00,12.708
2019-06-03 21:00:00-04:00,11.463
2019-06-03 22:00:00-04:00,10.182
2019-06-03 23:00:00-04:00,8.589
2019-06-04 00:00:00-04:00,7.716
2019-06-04 01:00:00-04:00,7.197
2019-06-04 02:00:00-04:00,6.885
2019-06-04 03:00:00-04:00,6.761
2019-06-04 04:00:00-04:00,6.634
2019-06-04 05:00:00-04:00,6.506
2019-06-04 06:00:00-04:00,8.32
2019-06-04 07:00:00-04:00,10.72
2019-06-04 08:00:00-04:00,12.984
2019-06-04 09:00:00-04:00,14.74
2019-06-04 10:00:00-04:00,16.119
2019-06-04 11:00:00-04:00,17.191
2019-06-04 12:00:00-04:00,18.015
2019-06-04 13:00:00-04:00,18.128
2019-06-04 14:00:00-04:00,18.065
2019-06-04 15:00:00-04:00,18.459
2019-06-04 16:00:00-04:00,18.28
2019-06-04 17:00:00-04:00,17.91
2019-06-04 18:00:00-04:00,17.07
2019-06-04 19:00:00-04:00,15.37
2019-06-04 20:00:00-04:00,13.966
2019-06-04 21:00:00-04:00,13.454
2019-06-04 22:00:00-04:00,13.301
2019-06-04 23:00:00-04:00,13.03
2019-06-05 00:00:00-04:00,12.904
2019-06-05 01:00:00-04:00,13.071
2019-06-05 02:00:00-04:00,13.263
2019-06-05 03:00:00-04:00,13.565
2019-06-05 04:00:00-04:00,13.656
2019-06-05 05:00:00-04:00,13.881
2019-06-05 06:00:00-04:00,14.678
2019-06-05 07:00:00-04:00,15.718
2019-06-05 08:00:00-04:00,17.18
2019-06-05 09:00:00-04:00,19.083
2019-06-05 10:00:00-04:00,20.976
2019-06-05 11:00:00-04:00,22.183
2019-06-05 12:00:00-04:00,23.114
2019-06-05 13:00:00-04:00,23.913
2019-06-05 14:00:00-04:00,23.982
2019-06-05 15:00:00-04:00,23.525
2019-06-05 16:00:00-04:00,22.86
2019-06-05 17:00:00-04:00,22.165
2019-06-05 18:00:00-04:00,21.19
2019-06-05 19:00:00-04:00,19.838
2019-06-05 20:00:00-04:00,18.861
2019-06-05 21:00:00-04:00,18.602
2019-06-05 22:00:00-04:00,18.557
2019-06-05 23:00:00-04:00,18.487
2019-06-06 00:00:00-04:00,18.235
2019-06-06 01:00:00-04:00,17.919
2019-06-06 02:00:00-04:00,17.727
2019-06-06 03:00:00-04:00,17.646
2019-06-06 04:00:00-04:00,17.595
2019-06-06 05:00:00-04:00,17.405
2019-06-06 06:00:00-04:00,17.622
2019-06-06 07:00:00-04:00,18.328
2019-06-06 08:00:00-04:00,19.933
2019-06-06 09:00:00-04:00,22.278
2019-06-06 10:00:00-04:00,23.896
2019-06-06 11:00:00-04:00,24.612
2019-06-06 12:00:00-04:00,25.091
2019-06-06 13:00:00-04:00,25.462
2019-06-06 14:00:00-04:00,25.64
2019-06-06 15:00:00-04:00,25.543
2019-06-06 16:00:00-04:00,24.961
2019-06-06 17:00:00-04:00,24.639
2019-06-06 18:00:00-04:00,23.823
2019-06-06 19:00:00-04:00,22.023
2019-06-06 20:00:00-04:00,20.212
2019-06-06 21:00:00-04:00,19.258
2019-06-06 22:00:00-04:00,18.467
2019-06-06 23:00:00-04:00,17.763
2019-06-07 00:00:00-04:00,17.284
2019-06-07 01:00:00-04:00,16.897
2019-06-07 02:00:00-04:00,16.531
2019-06-07 03:00:00-04:00,16.194
2019-06-07 04:00:00-04:00,15.883
2019-06-07 05:00:00-04:00,15.626
2019-06-07 06:00:00-04:00,16.383
2019-06-07 07:00:00-04:00,17.891
2019-06-07 08:00:00-04:00,19.886
2019-06-07 09:00:00-04:00,21.555
2019-06-07 10:00:00-04:00,23.027
2019-06-07 11:00:00-04:00,24.29
2019-06-07 12:00:00-04:00,25.183
2019-06-07 13:00:00-04:00,25.416
2019-06-07 14:00:00-04:00,25.613
2019-06-07 15:00:00-04:00,25.311
2019-06-07 16:00:00-04:00,24.76
2019-06-07 17:00:00-04:00,24.705
2019-06-07 18:00:00-04:00,24.434
2019-06-07 19:00:00-04:00,21.327
2019-06-07 20:00:00-04:00,18.866
2019-06-07 21:00:00-04:00,17.509
2019-06-07 22:00:00-04:00,16.258
2019-06-07 23:00:00-04:00,15.273
2019-06-08 00:00:00-04:00,14.666
2019-06-08 01:00:00-04:00,14.079
2019-06-08 02:00:00-04:00,13.724
2019-06-08 03:00:00-04:00,13.526
2019-06-08 04:00:00-04:00,13.756
2019-06-08 05:00:00-04:00,13.912
2019-06-08 06:00:00-04:00,15.217
2019-06-08 07:00:00-04:00,17.102
2019-06-08 08:00:00-04:00,18.769
2019-06-08 09:00:00-04:00,20.302
2019-06-08 10:00:00-04:00,21.775
2019-06-08 11:00:00-04:00,22.979
2019-06-08 12:00:00-04:00,23.809
2019-06-08 13:00:00-04:00,24.537
2019-06-08 14:00:00-04:00,24.877
2019-06-08 15:00:00-04:00,24.893
2019-06-08 16:00:00-04:00,24.458
2019-06-08 17:00:00-04:00,25.297
2019-06-08 18:00:00-04:00,24.152
2019-06-08 19:00:00-04:00,20.361
2019-06-08 20:00:00-04:00,17.051
2019-06-08 21:00:00-04:00,15.477
2019-06-08 22:00:00-04:00,14.106
2019-06-08 23:00:00-04:00,13.017
2019-06-09 00:00:00-04:00,12.222
2019-06-09 01:00:00-04:00,12.007
2019-06-09 02:00:00-04:00,12.204
2019-06-09 03:00:00-04:00,12.156
2019-06-09 04:00:00-04:00,11.815
2019-06-09 05:00:00-04:00,11.6
2019-06-09 06:00:00-04:00,13.121
2019-06-09 07:00:00-04:00,15.305
2019-06-09 08:00:00-04:00,17.801
2019-06-09 09:00:00-04:00,19.521
2019-06-09 10:00:00-04:00,20.873
2019-06-09 11:00:00-04:00,21.909
2019-06-09 12:00:00-04:00,22.619
2019-06-09 13:00:00-04:00,22.95
2019-06-09 14:00:00-04:00,22.909
2019-06-09 15:00:00-04:00,22.564
2019-06-09 16:00:00-04:00,21.87
2019-06-09 17:00:00-04:00,20.796
2019-06-09 18:00:00-04:00,19.26
2019-06-09 19:00:00-04:00,17.033
2019-06-09 20:00:00-04:00,14.448
2019-06-09 21:00:00-04:00,13.14
2019-06-09 22:00:00-04:00,12.187
2019-06-09 23:00:00-04:00,11.451
2019-06-10 00:00:00-04:00,10.882
2019-06-10 01:00:00-04:00,10.521
2019-06-10 02:00:00-04:00,10.292
2019-06-10 03:00:00-04:00,10.185
2019-06-10 04:00:00-04:00,9.993
2019-06-10 05:00:00-04:00,9.975
2019-06-10 06:00:00-04:00,12.087
2019-06-10 07:00:00-04:00,14.113
2019-06-10 08:00:00-04:00,16.396
2019-06-10 09:00:00-04:00,18.194
2019-06-10 10:00:00-04:00,19.605
2019-06-10 11:00:00-04:00,20.759
2019-06-10 12:00:00-04:00,21.483
2019-06-10 13:00:00-04:00,21.643
2019-06-10 14:00:00-04:00,21.592
2019-06-10 15:00:00-04:00,21.255
2019-06-10 16:00:00-04:00,20.687
2019-06-10 17:00:00-04:00,19.754
2019-06-10 18:00:00-04:00,18.739
2019-06-10 19:00:00-04:00,17.9
2019-06-10 20:00:00-04:00,17.287
2019-06-10 21:00:00-04:00,16.898
2019-06-10 22:00:00-04:00,16.622
2019-06-10 23:00:00-04:00,16.555
2019-06-11 00:00:00-04:00,16.62
2019-06-11 01:00:00-04:00,16.723
2019-06-11 02:00:00-04:00,16.813
2019-06-11 03:00:00-04:00,16.984
2019-06-11 04:00:00-04:00,17.101
2019-06-11 05:00:00-04:00,17.074
2019-06-11 06:00:00-04:00,17.294
2019-06-11 07:00:00-04:00,17.473
2019-06-11 08:00:00-04:00,17.242
2019-06-11 09:00:00-04:00,16.621
2019-06-11 10:00:00-04:00,16.396
2019-06-11 11:00:00-04:00,17.664
2019-06-11 12:00:00-04:00,19.639
2019-06-11 13:00:00-04:00,21.365
2019-06-11 14:00:00-04:00,22.066
2019-06-11 15:00:00-04:00,22.052
2019-06-11 16:00:00-04:00,21.58
2019-06-11 17:00:00-04:00,20.802
2019-06-11 18:00:00-04:00,19.718
2019-06-11 19:00:00-04:00,18.148
2019-06-11 20:00:00-04:00,16.456
2019-06-11 21:00:00-04:00,15.216
2019-06-11 22:00:00-04:00,13.711
2019-06-11 23:00:00-04:00,13.233
2019-06-12 00:00:00-04:00,12.617
2019-06-12 01:00:00-04:00,11.88
2019-06-12 02:00:00-04:00,11.174
2019-06-12 03:00:00-04:00,10.597
2019-06-12 04:00:00-04:00,10.21
2019-06-12 05:00:00-04:00,10.174
2019-06-12 06:00:00-04:00,12.398
2019-06-12 07:00:00-04:00,14.783
2019-06-12 08:00:00-04:00,18.027
2019-06-12 09:00:00-04:00,19.662
2019-06-12 10:00:00-04:00,20.84
2019-06-12 11:00:00-04:00,21.722
2019-06-12 12:00:00-04:00,22.253
2019-06-12 13:00:00-04:00,22.405
2019-06-12 14:00:00-04:00,22.46
2019-06-12 15:00:00-04:00,21.994
2019-06-12 16:00:00-04:00,21.271
2019-06-12 17:00:00-04:00,20.334
2019-06-12 18:00:00-04:00,18.873
2019-06-12 19:00:00-04:00,16.937
2019-06-12 20:00:00-04:00,14.209
2019-06-12 21:00:00-04:00,13.153
2019-06-12 22:00:00-04:00,13.193
2019-06-12 23:00:00-04:00,12.863
2019-06-13 00:00:00-04:00,12.277
2019-06-13 01:00:00-04:00,11.909
2019-06-13 02:00:00-04:00,11.287
2019-06-13 03:00:00-04:00,11.309
2019-06-13 04:00:00-04:00,11.988
2019-06-13 05:00:00-04:00,12.11
2019-06-13 06:00:00-04:00,12.469
2019-06-13 07:00:00-04:00,13.161
2019-06-13 08:00:00-04:00,13.53
2019-06-13 09:00:00-04:00,13.503
2019-06-13 10:00:00-04:00,13.579
2019-06-13 11:00:00-04:00,13.653
2019-06-13 12:00:00-04:00,13.818
2019-06-13 13:00:00-04:00,14.504
2019-06-13 14:00:00-04:00,15.282
2019-06-13 15:00:00-04:00,15.715
2019-06-13 16:00:00-04:00,15.852
2019-06-13 17:00:00-04:00,15.679
2019-06-13 18:00:00-04:00,15.239
2019-06-13 19:00:00-04:00,14.392
2019-06-13 20:00:00-04:00,13.199
2019-06-13 21:00:00-04:00,12.472
2019-06-13 22:00:00-04:00,11.83
2019-06-13 23:00:00-04:00,11.399000000000001
2019-06-14 00:00:00-04:00,11.468
2019-06-14 01:00:00-04:00,11.806000000000001
2019-06-14 02:00:00-04:00,11.824
2019-06-14 03:00:00-04:00,11.964
2019-06-14 04:00:00-04:00,12.808
2019-06-14 05:00:00-04:00,13.514
2019-06-14 06:00:00-04:00,14.408
2019-06-14 07:00:00-04:00,15.493
2019-06-14 08:00:00-04:00,16.675
2019-06-14 09:00:00-04:00,17.883
2019-06-14 10:00:00-04:00,18.791
2019-06-14 11:00:00-04:00,19.561
2019-06-14 12:00:00-04:00,19.924
2019-06-14 13:00:00-04:00,19.772
2019-06-14 14:00:00-04:00,19.382
2019-06-14 15:00:00-04:00,19.419
2019-06-14 16:00:00-04:00,19.42
2019-06-14 17:00:00-04:00,19.286
2019-06-14 18:00:00-04:00,18.685
2019-06-14 19:00:00-04:00,17.446
2019-06-14 20:00:00-04:00,15.568
2019-06-14 21:00:00-04:00,14.422
2019-06-14 22:00:00-04:00,13.49
2019-06-14 23:00:00-04:00,12.624
2019-06-15 00:00:00-04:00,12.034
2019-06-15 01:00:00-04:00,11.955
2019-06-15 02:00:00-04:00,11.763
2019-06-15 03:00:00-04:00,11.276
2019-06-15 04:00:00-04:00,10.724
2019-06-15 05:00:00-04:00,10.637
2019-06-15 06:00:00-04:00,13.0
2019-06-15 07:00:00-04:00,15.444
2019-06-15 08:00:00-04:00,18.628
2019-06-15 09:00:00-04:00,20.856
2019-06-15 10:00:00-04:00,21.835
2019-06-15 11:00:00-04:00,22.52
2019-06-15 12:00:00-04:00,23.023
2019-06-15 13:00:00-04:00,23.311
2019-06-15 14:00:00-04:00,23.39
2019-06-15 15:00:00-04:00,23.292
2019-06-15 16:00:00-04:00,23.027
2019-06-15 17:00:00-04:00,22.548000000000002
2019-06-15 18:00:00-04:00,21.611
2019-06-15 19:00:00-04:00,20.209
2019-06-15 20:00:00-04:00,18.84
2019-06-15 21:00:00-04:00,17.989
2019-06-15 22:00:00-04:00,17.406
2019-06-15 23:00:00-04:00,16.939
2019-06-16 00:00:00-04:00,16.791
2019-06-16 01:00:00-04:00,16.769
2019-06-16 02:00:00-04:00,16.69
2019-06-16 03:00:00-04:00,16.575
2019-06-16 04:00:00-04:00,16.654
2019-06-16 05:00:00-04:00,16.626
2019-06-16 06:00:00-04:00,16.93
2019-06-16 07:00:00-04:00,17.779
2019-06-16 08:00:00-04:00,19.079
2019-06-16 09:00:00-04:00,20.669
2019-06-16 10:00:00-04:00,22.0
2019-06-16 11:00:00-04:00,22.322
2019-06-16 12:00:00-04:00,22.488
2019-06-16 13:00:00-04:00,22.814
2019-06-16 14:00:00-04:00,23.013
2019-06-16 15:00:00-04:00,22.992
2019-06-16 16:00:00-04:00,22.583
2019-06-16 17:00:00-04:00,21.926
2019-06-16 18:00:00-04:00,20.901
2019-06-16 19:00:00-04:00,19.763
2019-06-16 20:00:00-04:00,18.809
2019-06-16 21:00:00-04:00,18.412
2019-06-16 22:00:00-04:00,18.137
2019-06-16 23:00:00-04:00,17.912
2019-06-17 00:00:00-04:00,17.791
2019-06-17 01:00:00-04:00,17.455
2019-06-17 02:00:00-04:00,17.148
2019-06-17 03:00:00-04:00,16.684
2019-06-17 04:00:00-04:00,16.146
2019-06-17 05:00:00-04:00,15.716
2019-06-17 06:00:00-04:00,16.283
2019-06-17 07:00:00-04:00,17.498
2019-06-17 08:00:00-04:00,19.532
2019-06-17 09:00:00-04:00,21.62
2019-06-17 10:00:00-04:00,23.237
2019-06-17 11:00:00-04:00,24.182
2019-06-17 12:00:00-04:00,24.656
2019-06-17 13:00:00-04:00,24.332
2019-06-17 14:00:00-04:00,23.821
2019-06-17 15:00:00-04:00,23.684
2019-06-17 16:00:00-04:00,23.145
2019-06-17 17:00:00-04:00,22.917
2019-06-17 18:00:00-04:00,22.781
2019-06-17 19:00:00-04:00,21.355
2019-06-17 20:00:00-04:00,19.876
2019-06-17 21:00:00-04:00,19.231
2019-06-17 22:00:00-04:00,18.631
2019-06-17 23:00:00-04:00,18.208
2019-06-18 00:00:00-04:00,17.929
2019-06-18 01:00:00-04:00,17.738
2019-06-18 02:00:00-04:00,17.603
2019-06-18 03:00:00-04:00,17.51
2019-06-18 04:00:00-04:00,17.48
2019-06-18 05:00:00-04:00,17.242
2019-06-18 06:00:00-04:00,17.218
2019-06-18 07:00:00-04:00,17.682
2019-06-18 08:00:00-04:00,18.552
2019-06-18 09:00:00-04:00,19.983
2019-06-18 10:00:00-04:00,21.39
2019-06-18 11:00:00-04:00,21.756
2019-06-18 12:00:00-04:00,21.174
2019-06-18 13:00:00-04:00,21.021
2019-06-18 14:00:00-04:00,20.772
2019-06-18 15:00:00-04:00,20.497
2019-06-18 16:00:00-04:00,20.207
2019-06-18 17:00:00-04:00,19.784
2019-06-18 18:00:00-04:00,19.272
2019-06-18 19:00:00-04:00,18.584
2019-06-18 20:00:00-04:00,17.854
2019-06-18 21:00:00-04:00,17.379
2019-06-18 22:00:00-04:00,16.974
2019-06-18 23:00:00-04:00,16.655
2019-06-19 00:00:00-04:00,16.536
2019-06-19 01:00:00-04:00,16.547
2019-06-19 02:00:00-04:00,16.428
2019-06-19 03:00:00-04:00,16.199
2019-06-19 04:00:00-04:00,15.823
2019-06-19 05:00:00-04:00,15.529
2019-06-19 06:00:00-04:00,16.876
2019-06-19 07:00:00-04:00,20.364
2019-06-19 08:00:00-04:00,24.095
2019-06-19 09:00:00-04:00,24.106
2019-06-19 10:00:00-04:00,24.221
2019-06-19 11:00:00-04:00,24.698
2019-06-19 12:00:00-04:00,24.671
2019-06-19 13:00:00-04:00,24.499
2019-06-19 14:00:00-04:00,24.065
2019-06-19 15:00:00-04:00,23.344
2019-06-19 16:00:00-04:00,22.463
2019-06-19 17:00:00-04:00,21.682
2019-06-19 18:00:00-04:00,20.885
2019-06-19 19:00:00-04:00,19.835
2019-06-19 20:00:00-04:00,18.759
2019-06-19 21:00:00-04:00,18.15
2019-06-19 22:00:00-04:00,17.573
2019-06-19 23:00:00-04:00,17.054
2019-06-20 00:00:00-04:00,16.658
2019-06-20 01:00:00-04:00,16.328
2019-06-20 02:00:00-04:00,16.11
2019-06-20 03:00:00-04:00,16.036
2019-06-20 04:00:00-04:00,15.969
2019-06-20 05:00:00-04:00,15.963
2019-06-20 06:00:00-04:00,16.431
2019-06-20 07:00:00-04:00,17.546
2019-06-20 08:00:00-04:00,19.209
2019-06-20 09:00:00-04:00,20.654
2019-06-20 10:00:00-04:00,21.666
2019-06-20 11:00:00-04:00,22.053
2019-06-20 12:00:00-04:00,21.915
2019-06-20 13:00:00-04:00,21.7
2019-06-20 14:00:00-04:00,21.594
2019-06-20 15:00:00-04:00,21.793
2019-06-20 16:00:00-04:00,22.122
2019-06-20 17:00:00-04:00,22.178
2019-06-20 18:00:00-04:00,21.77
2019-06-20 19:00:00-04:00,20.895
2019-06-20 20:00:00-04:00,19.902
2019-06-20 21:00:00-04:00,19.499
2019-06-20 22:00:00-04:00,19.166
2019-06-20 23:00:00-04:00,18.818
2019-06-21 00:00:00-04:00,18.519
2019-06-21 01:00:00-04:00,18.391
2019-06-21 02:00:00-04:00,18.344
2019-06-21 03:00:00-04:00,18.471
2019-06-21 04:00:00-04:00,18.485
2019-06-21 05:00:00-04:00,18.499
2019-06-21 06:00:00-04:00,18.452
2019-06-21 07:00:00-04:00,18.454
2019-06-21 08:00:00-04:00,18.246
2019-06-21 09:00:00-04:00,17.863
2019-06-21 10:00:00-04:00,17.793
2019-06-21 11:00:00-04:00,18.024
2019-06-21 12:00:00-04:00,18.763
2019-06-21 13:00:00-04:00,20.059
2019-06-21 14:00:00-04:00,21.393
2019-06-21 15:00:00-04:00,22.268
2019-06-21 16:00:00-04:00,22.265
2019-06-21 17:00:00-04:00,21.826
2019-06-21 18:00:00-04:00,21.077
2019-06-21 19:00:00-04:00,19.764
2019-06-21 20:00:00-04:00,18.335
2019-06-21 21:00:00-04:00,17.48
2019-06-21 22:00:00-04:00,16.673000000000002
2019-06-21 23:00:00-04:00,15.906
2019-06-22 00:00:00-04:00,15.392
2019-06-22 01:00:00-04:00,15.02
2019-06-22 02:00:00-04:00,14.633
2019-06-22 03:00:00-04:00,14.346
2019-06-22 04:00:00-04:00,14.317
2019-06-22 05:00:00-04:00,14.117
2019-06-22 06:00:00-04:00,14.92
2019-06-22 07:00:00-04:00,16.92
2019-06-22 08:00:00-04:00,19.082
2019-06-22 09:00:00-04:00,20.885
2019-06-22 10:00:00-04:00,22.134
2019-06-22 11:00:00-04:00,22.874
2019-06-22 12:00:00-04:00,23.355
2019-06-22 13:00:00-04:00,23.539
2019-06-22 14:00:00-04:00,23.412
2019-06-22 15:00:00-04:00,23.061
2019-06-22 16:00:00-04:00,22.602
2019-06-22 17:00:00-04:00,22.232
2019-06-22 18:00:00-04:00,21.388
2019-06-22 19:00:00-04:00,19.819
2019-06-22 20:00:00-04:00,18.096
2019-06-22 21:00:00-04:00,17.164
2019-06-22 22:00:00-04:00,16.089
2019-06-22 23:00:00-04:00,15.474
2019-06-23 00:00:00-04:00,15.205
2019-06-23 01:00:00-04:00,14.894
2019-06-23 02:00:00-04:00,14.645
2019-06-23 03:00:00-04:00,14.524000000000001
2019-06-23 04:00:00-04:00,14.297
2019-06-23 05:00:00-04:00,14.211
2019-06-23 06:00:00-04:00,15.282
2019-06-23 07:00:00-04:00,17.441
2019-06-23 08:00:00-04:00,19.775
2019-06-23 09:00:00-04:00,21.591
2019-06-23 10:00:00-04:00,22.907
2019-06-23 11:00:00-04:00,23.814
2019-06-23 12:00:00-04:00,24.468
2019-06-23 13:00:00-04:00,25.014
2019-06-23 14:00:00-04:00,25.327
2019-06-23 15:00:00-04:00,25.355
2019-06-23 16:00:00-04:00,25.119
2019-06-23 17:00:00-04:00,24.566
2019-06-23 18:00:00-04:00,23.552
2019-06-23 19:00:00-04:00,21.509
2019-06-23 20:00:00-04:00,19.273
2019-06-23 21:00:00-04:00,18.667
2019-06-23 22:00:00-04:00,17.745
2019-06-23 23:00:00-04:00,17.053
2019-06-24 00:00:00-04:00,16.614
2019-06-24 01:00:00-04:00,16.149
2019-06-24 02:00:00-04:00,15.881
2019-06-24 03:00:00-04:00,15.357
2019-06-24 04:00:00-04:00,14.909
2019-06-24 05:00:00-04:00,14.682
2019-06-24 06:00:00-04:00,16.163
2019-06-24 07:00:00-04:00,18.294
2019-06-24 08:00:00-04:00,21.272
2019-06-24 09:00:00-04:00,23.706
2019-06-24 10:00:00-04:00,25.016
2019-06-24 11:00:00-04:00,25.926
2019-06-24 12:00:00-04:00,26.576999999999998
2019-06-24 13:00:00-04:00,26.861
2019-06-24 14:00:00-04:00,26.863
2019-06-24 15:00:00-04:00,26.468
2019-06-24 16:00:00-04:00,26.193
2019-06-24 17:00:00-04:00,26.171
2019-06-24 18:00:00-04:00,24.865
2019-06-24 19:00:00-04:00,22.326
2019-06-24 20:00:00-04:00,20.194
2019-06-24 21:00:00-04:00,19.255
2019-06-24 22:00:00-04:00,18.622
2019-06-24 23:00:00-04:00,18.064
2019-06-25 00:00:00-04:00,17.569
2019-06-25 01:00:00-04:00,17.447
2019-06-25 02:00:00-04:00,17.517
2019-06-25 03:00:00-04:00,17.679
2019-06-25 04:00:00-04:00,17.904
2019-06-25 05:00:00-04:00,18.073
2019-06-25 06:00:00-04:00,18.423
2019-06-25 07:00:00-04:00,18.821
2019-06-25 08:00:00-04:00,19.287
2019-06-25 09:00:00-04:00,20.061
2019-06-25 10:00:00-04:00,20.998
2019-06-25 11:00:00-04:00,21.87
2019-06-25 12:00:00-04:00,22.333
2019-06-25 13:00:00-04:00,22.508
2019-06-25 14:00:00-04:00,22.683
2019-06-25 15:00:00-04:00,22.968
2019-06-25 16:00:00-04:00,23.382
2019-06-25 17:00:00-04:00,23.401
2019-06-25 18:00:00-04:00,22.947
2019-06-25 19:00:00-04:00,22.063
2019-06-25 20:00:00-04:00,20.828
2019-06-25 21:00:00-04:00,20.057
2019-06-25 22:00:00-04:00,19.363
2019-06-25 23:00:00-04:00,18.746
2019-06-26 00:00:00-04:00,18.352
2019-06-26 01:00:00-04:00,18.064
2019-06-26 02:00:00-04:00,17.718
2019-06-26 03:00:00-04:00,17.504
2019-06-26 04:00:00-04:00,17.62
2019-06-26 05:00:00-04:00,17.644
2019-06-26 06:00:00-04:00,18.553
2019-06-26 07:00:00-04:00,19.814
2019-06-26 08:00:00-04:00,21.836
2019-06-26 09:00:00-04:00,23.844
2019-06-26 10:00:00-04:00,25.429
2019-06-26 11:00:00-04:00,26.601
2019-06-26 12:00:00-04:00,27.358
2019-06-26 13:00:00-04:00,27.793
2019-06-26 14:00:00-04:00,27.966
2019-06-26 15:00:00-04:00,27.869
2019-06-26 16:00:00-04:00,27.499
2019-06-26 17:00:00-04:00,28.333
2019-06-26 18:00:00-04:00,28.122
2019-06-26 19:00:00-04:00,25.14
2019-06-26 20:00:00-04:00,22.394
2019-06-26 21:00:00-04:00,20.859
2019-06-26 22:00:00-04:00,19.991
2019-06-26 23:00:00-04:00,19.302
2019-06-27 00:00:00-04:00,18.789
2019-06-27 01:00:00-04:00,18.42
2019-06-27 02:00:00-04:00,18.216
2019-06-27 03:00:00-04:00,18.237
2019-06-27 04:00:00-04:00,18.227
2019-06-27 05:00:00-04:00,18.077
2019-06-27 06:00:00-04:00,19.5
2019-06-27 07:00:00-04:00,21.043
2019-06-27 08:00:00-04:00,23.455
2019-06-27 09:00:00-04:00,25.283
2019-06-27 10:00:00-04:00,26.329
2019-06-27 11:00:00-04:00,27.123
2019-06-27 12:00:00-04:00,27.766
2019-06-27 13:00:00-04:00,28.175
2019-06-27 14:00:00-04:00,28.345
2019-06-27 15:00:00-04:00,28.245
2019-06-27 16:00:00-04:00,28.281
2019-06-27 17:00:00-04:00,28.48
2019-06-27 18:00:00-04:00,27.251
2019-06-27 19:00:00-04:00,24.8
2019-06-27 20:00:00-04:00,22.861
2019-06-27 21:00:00-04:00,21.776
2019-06-27 22:00:00-04:00,20.869
2019-06-27 23:00:00-04:00,19.829
2019-06-28 00:00:00-04:00,19.09
2019-06-28 01:00:00-04:00,18.518
2019-06-28 02:00:00-04:00,18.132
2019-06-28 03:00:00-04:00,17.862
2019-06-28 04:00:00-04:00,17.512
2019-06-28 05:00:00-04:00,17.348
2019-06-28 06:00:00-04:00,19.024
2019-06-28 07:00:00-04:00,21.03
2019-06-28 08:00:00-04:00,23.791
2019-06-28 09:00:00-04:00,26.073
2019-06-28 10:00:00-04:00,27.152
2019-06-28 11:00:00-04:00,27.88
2019-06-28 12:00:00-04:00,28.425
2019-06-28 13:00:00-04:00,28.729
2019-06-28 14:00:00-04:00,28.797
2019-06-28 15:00:00-04:00,28.692
2019-06-28 16:00:00-04:00,30.069
2019-06-28 17:00:00-04:00,31.416
2019-06-28 18:00:00-04:00,29.248
2019-06-28 19:00:00-04:00,26.039
2019-06-28 20:00:00-04:00,22.985
2019-06-28 21:00:00-04:00,21.372
2019-06-28 22:00:00-04:00,21.106
2019-06-28 23:00:00-04:00,20.873
2019-06-29 00:00:00-04:00,20.953
2019-06-29 01:00:00-04:00,20.86
2019-06-29 02:00:00-04:00,20.788
2019-06-29 03:00:00-04:00,20.933
2019-06-29 04:00:00-04:00,21.041
2019-06-29 05:00:00-04:00,20.985
2019-06-29 06:00:00-04:00,21.257
2019-06-29 07:00:00-04:00,21.832
2019-06-29 08:00:00-04:00,22.911
2019-06-29 09:00:00-04:00,24.607
2019-06-29 10:00:00-04:00,26.299
2019-06-29 11:00:00-04:00,27.704
2019-06-29 12:00:00-04:00,28.009
2019-06-29 13:00:00-04:00,27.757
2019-06-29 14:00:00-04:00,27.587
2019-06-29 15:00:00-04:00,27.47
2019-06-29 16:00:00-04:00,27.316
2019-06-29 17:00:00-04:00,26.952
2019-06-29 18:00:00-04:00,25.894
2019-06-29 19:00:00-04:00,24.482
2019-06-29 20:00:00-04:00,23.421
2019-06-29 21:00:00-04:00,22.867
2019-06-29 22:00:00-04:00,22.402
2019-06-29 23:00:00-04:00,22.159
2019-06-30 00:00:00-04:00,21.798000000000002
2019-06-30 01:00:00-04:00,21.337
2019-06-30 02:00:00-04:00,20.499
2019-06-30 03:00:00-04:00,19.72
2019-06-30 04:00:00-04:00,19.044
2019-06-30 05:00:00-04:00,18.569
2019-06-30 06:00:00-04:00,19.063
2019-06-30 07:00:00-04:00,20.38
2019-06-30 08:00:00-04:00,22.26
2019-06-30 09:00:00-04:00,23.707
2019-06-30 10:00:00-04:00,24.629
2019-06-30 11:00:00-04:00,24.983
2019-06-30 12:00:00-04:00,24.697
2019-06-30 13:00:00-04:00,23.647
2019-06-30 14:00:00-04:00,22.8
2019-06-30 15:00:00-04:00,21.963
2019-06-30 16:00:00-04:00,21.688
2019-06-30 17:00:00-04:00,21.794
2019-06-30 18:00:00-04:00,21.551
2019-06-30 19:00:00-04:00,20.543
2019-06-30 20:00:00-04:00,19.028
2019-06-30 21:00:00-04:00,18.472
2019-06-30 22:00:00-04:00,17.673000000000002
2019-06-30 23:00:00-04:00,17.114
2019-07-01 00:00:00-04:00,16.701
2019-07-01 01:00:00-04:00,16.42
2019-07-01 02:00:00-04:00,16.32
2019-07-01 03:00:00-04:00,16.137
2019-07-01 04:00:00-04:00,15.907
2019-07-01 05:00:00-04:00,15.756
2019-07-01 06:00:00-04:00,16.884
2019-07-01 07:00:00-04:00,19.104
2019-07-01 08:00:00-04:00,21.318
2019-07-01 09:00:00-04:00,22.859
2019-07-01 10:00:00-04:00,24.044
2019-07-01 11:00:00-04:00,25.097
2019-07-01 12:00:00-04:00,25.995
2019-07-01 13:00:00-04:00,26.62
2019-07-01 14:00:00-04:00,26.895
2019-07-01 15:00:00-04:00,26.786
2019-07-01 16:00:00-04:00,26.479
2019-07-01 17:00:00-04:00,26.006
2019-07-01 18:00:00-04:00,25.092
2019-07-01 19:00:00-04:00,22.755
2019-07-01 20:00:00-04:00,20.562
2019-07-01 21:00:00-04:00,19.647
2019-07-01 22:00:00-04:00,19.076
2019-07-01 23:00:00-04:00,18.787
2019-07-02 00:00:00-04:00,18.52
2019-07-02 01:00:00-04:00,18.412
2019-07-02 02:00:00-04:00,18.414
2019-07-02 03:00:00-04:00,17.992
2019-07-02 04:00:00-04:00,17.724
2019-07-02 05:00:00-04:00,17.718
2019-07-02 06:00:00-04:00,18.637
2019-07-02 07:00:00-04:00,19.879
2019-07-02 08:00:00-04:00,21.699
2019-07-02 09:00:00-04:00,23.584
2019-07-02 10:00:00-04:00,24.052
2019-07-02 11:00:00-04:00,24.143
2019-07-02 12:00:00-04:00,24.756
2019-07-02 13:00:00-04:00,25.273
2019-07-02 14:00:00-04:00,25.454
2019-07-02 15:00:00-04:00,25.569
2019-07-02 16:00:00-04:00,25.479
2019-07-02 17:00:00-04:00,25.117
2019-07-02 18:00:00-04:00,24.274
2019-07-02 19:00:00-04:00,22.767
2019-07-02 20:00:00-04:00,21.613
2019-07-02 21:00:00-04:00,21.062
2019-07-02 22:00:00-04:00,20.53
2019-07-02 23:00:00-04:00,19.847
2019-07-03 00:00:00-04:00,19.264
2019-07-03 01:00:00-04:00,18.894
2019-07-03 02:00:00-04:00,18.669
2019-07-03 03:00:00-04:00,18.322
2019-07-03 04:00:00-04:00,18.037
2019-07-03 05:00:00-04:00,17.961
2019-07-03 06:00:00-04:00,19.423
2019-07-03 07:00:00-04:00,21.162
2019-07-03 08:00:00-04:00,23.686
2019-07-03 09:00:00-04:00,25.713
2019-07-03 10:00:00-04:00,27.069
2019-07-03 11:00:00-04:00,28.151
2019-07-03 12:00:00-04:00,28.99
2019-07-03 13:00:00-04:00,29.505
2019-07-03 14:00:00-04:00,29.636
2019-07-03 15:00:00-04:00,29.717
2019-07-03 16:00:00-04:00,30.257
2019-07-03 17:00:00-04:00,31.537
2019-07-03 18:00:00-04:00,29.425
2019-07-03 19:00:00-04:00,25.964
2019-07-03 20:00:00-04:00,23.229
2019-07-03 21:00:00-04:00,21.623
2019-07-03 22:00:00-04:00,20.956
2019-07-03 23:00:00-04:00,20.491
2019-07-04 00:00:00-04:00,19.975
2019-07-04 01:00:00-04:00,19.771
2019-07-04 02:00:00-04:00,19.812
2019-07-04 03:00:00-04:00,19.883
2019-07-04 04:00:00-04:00,19.586
2019-07-04 05:00:00-04:00,19.144
2019-07-04 06:00:00-04:00,20.763
2019-07-04 07:00:00-04:00,22.616
2019-07-04 08:00:00-04:00,25.277
2019-07-04 09:00:00-04:00,27.732
2019-07-04 10:00:00-04:00,28.888
2019-07-04 11:00:00-04:00,29.436
2019-07-04 12:00:00-04:00,29.818
2019-07-04 13:00:00-04:00,29.988
2019-07-04 14:00:00-04:00,29.878
2019-07-04 15:00:00-04:00,29.581
2019-07-04 16:00:00-04:00,29.106
2019-07-04 17:00:00-04:00,28.113
2019-07-04 18:00:00-04:00,26.39
2019-07-04 19:00:00-04:00,24.37
2019-07-04 20:00:00-04:00,22.804
2019-07-04 21:00:00-04:00,21.972
2019-07-04 22:00:00-04:00,21.266
2019-07-04 23:00:00-04:00,20.418
2019-07-05 00:00:00-04:00,19.762
2019-07-05 01:00:00-04:00,19.33
2019-07-05 02:00:00-04:00,19.082
2019-07-05 03:00:00-04:00,18.834
2019-07-05 04:00:00-04:00,18.549
2019-07-05 05:00:00-04:00,18.334
2019-07-05 06:00:00-04:00,20.231
2019-07-05 07:00:00-04:00,22.203
2019-07-05 08:00:00-04:00,24.177
2019-07-05 09:00:00-04:00,25.535
2019-07-05 10:00:00-04:00,26.54
2019-07-05 11:00:00-04:00,27.331
2019-07-05 12:00:00-04:00,27.859
2019-07-05 13:00:00-04:00,28.025
2019-07-05 14:00:00-04:00,28.05
2019-07-05 15:00:00-04:00,27.886
2019-07-05 16:00:00-04:00,27.482
2019-07-05 17:00:00-04:00,26.799
2019-07-05 18:00:00-04:00,25.731
2019-07-05 19:00:00-04:00,24.224
2019-07-05 20:00:00-04:00,22.659
2019-07-05 21:00:00-04:00,22.15
2019-07-05 22:00:00-04:00,21.77
2019-07-05 23:00:00-04:00,21.541
2019-07-06 00:00:00-04:00,21.378
2019-07-06 01:00:00-04:00,21.28
2019-07-06 02:00:00-04:00,21.176
2019-07-06 03:00:00-04:00,21.217
2019-07-06 04:00:00-04:00,21.271
2019-07-06 05:00:00-04:00,21.491
2019-07-06 06:00:00-04:00,22.607
2019-07-06 07:00:00-04:00,24.053
2019-07-06 08:00:00-04:00,25.911
2019-07-06 09:00:00-04:00,27.444
2019-07-06 10:00:00-04:00,28.461
2019-07-06 11:00:00-04:00,29.01
2019-07-06 12:00:00-04:00,29.269
2019-07-06 13:00:00-04:00,29.356
2019-07-06 14:00:00-04:00,29.204
2019-07-06 15:00:00-04:00,29.024
2019-07-06 16:00:00-04:00,28.672
2019-07-06 17:00:00-04:00,28.2
2019-07-06 18:00:00-04:00,27.174
2019-07-06 19:00:00-04:00,25.783
2019-07-06 20:00:00-04:00,24.262
2019-07-06 21:00:00-04:00,23.672
2019-07-06 22:00:00-04:00,23.388
2019-07-06 23:00:00-04:00,23.113
2019-07-07 00:00:00-04:00,22.788
2019-07-07 01:00:00-04:00,22.387
2019-07-07 02:00:00-04:00,21.859
2019-07-07 03:00:00-04:00,21.03
2019-07-07 04:00:00-04:00,20.269
2019-07-07 05:00:00-04:00,19.783
2019-07-07 06:00:00-04:00,19.852
2019-07-07 07:00:00-04:00,20.411
2019-07-07 08:00:00-04:00,21.365
2019-07-07 09:00:00-04:00,22.872
2019-07-07 10:00:00-04:00,24.36
2019-07-07 11:00:00-04:00,25.541
2019-07-07 12:00:00-04:00,26.438
2019-07-07 13:00:00-04:00,27.039
2019-07-07 14:00:00-04:00,27.294
2019-07-07 15:00:00-04:00,27.262
2019-07-07 16:00:00-04:00,27.001
2019-07-07 17:00:00-04:00,27.016
2019-07-07 18:00:00-04:00,26.833
2019-07-07 19:00:00-04:00,23.944
2019-07-07 20:00:00-04:00,21.536
2019-07-07 21:00:00-04:00,20.426
2019-07-07 22:00:00-04:00,19.546
2019-07-07 23:00:00-04:00,18.993
2019-07-08 00:00:00-04:00,18.658
2019-07-08 01:00:00-04:00,18.383
2019-07-08 02:00:00-04:00,18.069
2019-07-08 03:00:00-04:00,17.581
2019-07-08 04:00:00-04:00,16.925
2019-07-08 05:00:00-04:00,16.542
2019-07-08 06:00:00-04:00,17.762
2019-07-08 07:00:00-04:00,20.099
2019-07-08 08:00:00-04:00,22.151
2019-07-08 09:00:00-04:00,22.82
2019-07-08 10:00:00-04:00,23.385
2019-07-08 11:00:00-04:00,24.501
2019-07-08 12:00:00-04:00,25.617
2019-07-08 13:00:00-04:00,26.414
2019-07-08 14:00:00-04:00,26.754
2019-07-08 15:00:00-04:00,26.824
2019-07-08 16:00:00-04:00,26.694
2019-07-08 17:00:00-04:00,27.171
2019-07-08 18:00:00-04:00,27.399
2019-07-08 19:00:00-04:00,24.274
2019-07-08 20:00:00-04:00,22.329
2019-07-08 21:00:00-04:00,20.474
2019-07-08 22:00:00-04:00,19.104
2019-07-08 23:00:00-04:00,18.332
2019-07-09 00:00:00-04:00,17.756
2019-07-09 01:00:00-04:00,17.062
2019-07-09 02:00:00-04:00,16.262
2019-07-09 03:00:00-04:00,15.76
2019-07-09 04:00:00-04:00,15.381
2019-07-09 05:00:00-04:00,15.35
2019-07-09 06:00:00-04:00,17.256
2019-07-09 07:00:00-04:00,19.188
2019-07-09 08:00:00-04:00,22.144
2019-07-09 09:00:00-04:00,24.671
2019-07-09 10:00:00-04:00,26.007
2019-07-09 11:00:00-04:00,27.033
2019-07-09 12:00:00-04:00,27.812
2019-07-09 13:00:00-04:00,28.304
2019-07-09 14:00:00-04:00,28.543
2019-07-09 15:00:00-04:00,28.616
2019-07-09 16:00:00-04:00,28.778
2019-07-09 17:00:00-04:00,28.563
2019-07-09 18:00:00-04:00,27.414
2019-07-09 19:00:00-04:00,24.81
2019-07-09 20:00:00-04:00,22.951
2019-07-09 21:00:00-04:00,22.085
2019-07-09 22:00:00-04:00,21.362
2019-07-09 23:00:00-04:00,20.9
2019-07-10 00:00:00-04:00,20.445
2019-07-10 01:00:00-04:00,20.049
2019-07-10 02:00:00-04:00,19.721
2019-07-10 03:00:00-04:00,19.405
2019-07-10 04:00:00-04:00,19.128
2019-07-10 05:00:00-04:00,18.91
2019-07-10 06:00:00-04:00,19.88
2019-07-10 07:00:00-04:00,21.931
2019-07-10 08:00:00-04:00,24.424
2019-07-10 09:00:00-04:00,27.66
2019-07-10 10:00:00-04:00,29.151
2019-07-10 11:00:00-04:00,29.401
2019-07-10 12:00:00-04:00,29.769
2019-07-10 13:00:00-04:00,30.088
2019-07-10 14:00:00-04:00,30.149
2019-07-10 15:00:00-04:00,30.05
2019-07-10 16:00:00-04:00,29.422
2019-07-10 17:00:00-04:00,28.703
2019-07-10 18:00:00-04:00,26.796
2019-07-10 19:00:00-04:00,24.675
2019-07-10 20:00:00-04:00,22.989
2019-07-10 21:00:00-04:00,22.373
2019-07-10 22:00:00-04:00,21.841
2019-07-10 23:00:00-04:00,21.586
2019-07-11 00:00:00-04:00,21.53
2019-07-11 01:00:00-04:00,21.317
2019-07-11 02:00:00-04:00,21.212
2019-07-11 03:00:00-04:00,21.174
2019-07-11 04:00:00-04:00,21.092
2019-07-11 05:00:00-04:00,21.007
2019-07-11 06:00:00-04:00,22.026
2019-07-11 07:00:00-04:00,23.284
2019-07-11 08:00:00-04:00,24.781
2019-07-11 09:00:00-04:00,26.069
2019-07-11 10:00:00-04:00,27.004
2019-07-11 11:00:00-04:00,27.645
2019-07-11 12:00:00-04:00,28.072
2019-07-11 13:00:00-04:00,28.157
2019-07-11 14:00:00-04:00,27.836
2019-07-11 15:00:00-04:00,27.023
2019-07-11 16:00:00-04:00,25.999
2019-07-11 17:00:00-04:00,24.442
2019-07-11 18:00:00-04:00,22.939
2019-07-11 19:00:00-04:00,21.889
2019-07-11 20:00:00-04:00,21.347
2019-07-11 21:00:00-04:00,21.229
2019-07-11 22:00:00-04:00,21.248
2019-07-11 23:00:00-04:00,21.295
2019-07-12 00:00:00-04:00,21.277
2019-07-12 01:00:00-04:00,21.34
2019-07-12 02:00:00-04:00,21.266
2019-07-12 03:00:00-04:00,21.178
2019-07-12 04:00:00-04:00,21.084
2019-07-12 05:00:00-04:00,20.723
2019-07-12 06:00:00-04:00,21.485
2019-07-12 07:00:00-04:00,22.67
2019-07-12 08:00:00-04:00,24.101
2019-07-12 09:00:00-04:00,25.522
2019-07-12 10:00:00-04:00,27.255
2019-07-12 11:00:00-04:00,28.425
2019-07-12 12:00:00-04:00,29.252
2019-07-12 13:00:00-04:00,29.591
2019-07-12 14:00:00-04:00,29.566
2019-07-12 15:00:00-04:00,29.219
2019-07-12 16:00:00-04:00,28.48
2019-07-12 17:00:00-04:00,27.593
2019-07-12 18:00:00-04:00,26.356
2019-07-12 19:00:00-04:00,24.567
2019-07-12 20:00:00-04:00,22.364
2019-07-12 21:00:00-04:00,21.411
2019-07-12 22:00:00-04:00,20.898
2019-07-12 23:00:00-04:00,20.415
2019-07-13 00:00:00-04:00,20.089
2019-07-13 01:00:00-04:00,19.743
2019-07-13 02:00:00-04:00,19.493
2019-07-13 03:00:00-04:00,19.349
2019-07-13 04:00:00-04:00,18.847
2019-07-13 05:00:00-04:00,18.548000000000002
2019-07-13 06:00:00-04:00,19.511
2019-07-13 07:00:00-04:00,21.331
2019-07-13 08:00:00-04:00,23.255
2019-07-13 09:00:00-04:00,24.921
2019-07-13 10:00:00-04:00,26.324
2019-07-13 11:00:00-04:00,27.415
2019-07-13 12:00:00-04:00,28.218
2019-07-13 13:00:00-04:00,28.768
2019-07-13 14:00:00-04:00,29.038
2019-07-13 15:00:00-04:00,29.054
2019-07-13 16:00:00-04:00,28.868
2019-07-13 17:00:00-04:00,28.36
2019-07-13 18:00:00-04:00,27.31
2019-07-13 19:00:00-04:00,25.164
2019-07-13 20:00:00-04:00,22.95
2019-07-13 21:00:00-04:00,22.403
2019-07-13 22:00:00-04:00,22.0
2019-07-13 23:00:00-04:00,21.476
2019-07-14 00:00:00-04:00,21.083
2019-07-14 01:00:00-04:00,20.749
2019-07-14 02:00:00-04:00,20.635
2019-07-14 03:00:00-04:00,20.506
2019-07-14 04:00:00-04:00,20.519
2019-07-14 05:00:00-04:00,20.753
2019-07-14 06:00:00-04:00,21.778
2019-07-14 07:00:00-04:00,23.753
2019-07-14 08:00:00-04:00,25.968
2019-07-14 09:00:00-04:00,27.718
2019-07-14 10:00:00-04:00,28.967
2019-07-14 11:00:00-04:00,29.706
2019-07-14 12:00:00-04:00,30.103
2019-07-14 13:00:00-04:00,30.095
2019-07-14 14:00:00-04:00,29.961
2019-07-14 15:00:00-04:00,29.707
2019-07-14 16:00:00-04:00,29.224
2019-07-14 17:00:00-04:00,28.468
2019-07-14 18:00:00-04:00,27.244
2019-07-14 19:00:00-04:00,25.086
2019-07-14 20:00:00-04:00,22.869
2019-07-14 21:00:00-04:00,22.202
2019-07-14 22:00:00-04:00,21.378
2019-07-14 23:00:00-04:00,20.653
2019-07-15 00:00:00-04:00,19.945
2019-07-15 01:00:00-04:00,19.312
2019-07-15 02:00:00-04:00,18.547
2019-07-15 03:00:00-04:00,18.057
2019-07-15 04:00:00-04:00,17.572
2019-07-15 05:00:00-04:00,16.817
2019-07-15 06:00:00-04:00,18.503
2019-07-15 07:00:00-04:00,20.215
2019-07-15 08:00:00-04:00,21.992
2019-07-15 09:00:00-04:00,23.75
2019-07-15 10:00:00-04:00,25.114
2019-07-15 11:00:00-04:00,26.246
2019-07-15 12:00:00-04:00,27.176
2019-07-15 13:00:00-04:00,27.847
2019-07-15 14:00:00-04:00,28.244
2019-07-15 15:00:00-04:00,28.578
2019-07-15 16:00:00-04:00,28.51
2019-07-15 17:00:00-04:00,27.896
2019-07-15 18:00:00-04:00,26.496
2019-07-15 19:00:00-04:00,23.847
2019-07-15 20:00:00-04:00,21.857
2019-07-15 21:00:00-04:00,21.018
2019-07-15 22:00:00-04:00,20.418
2019-07-15 23:00:00-04:00,20.031
2019-07-16 00:00:00-04:00,19.997
2019-07-16 01:00:00-04:00,19.77
2019-07-16 02:00:00-04:00,19.403
2019-07-16 03:00:00-04:00,19.0
2019-07-16 04:00:00-04:00,18.874
2019-07-16 05:00:00-04:00,18.901
2019-07-16 06:00:00-04:00,19.694
2019-07-16 07:00:00-04:00,21.382
2019-07-16 08:00:00-04:00,24.724
2019-07-16 09:00:00-04:00,26.929
2019-07-16 10:00:00-04:00,28.487
2019-07-16 11:00:00-04:00,29.558
2019-07-16 12:00:00-04:00,30.499
2019-07-16 13:00:00-04:00,31.249
2019-07-16 14:00:00-04:00,31.547
2019-07-16 15:00:00-04:00,31.489
2019-07-16 16:00:00-04:00,30.969
2019-07-16 17:00:00-04:00,30.123
2019-07-16 18:00:00-04:00,28.843
2019-07-16 19:00:00-04:00,26.816
2019-07-16 20:00:00-04:00,25.02
2019-07-16 21:00:00-04:00,23.968
2019-07-16 22:00:00-04:00,23.107
2019-07-16 23:00:00-04:00,22.511
2019-07-17 00:00:00-04:00,22.136
2019-07-17 01:00:00-04:00,21.857
2019-07-17 02:00:00-04:00,21.634
2019-07-17 03:00:00-04:00,21.556
2019-07-17 04:00:00-04:00,21.58
2019-07-17 05:00:00-04:00,21.598
2019-07-17 06:00:00-04:00,22.501
2019-07-17 07:00:00-04:00,24.026
2019-07-17 08:00:00-04:00,26.428
2019-07-17 09:00:00-04:00,28.465
2019-07-17 10:00:00-04:00,29.723
2019-07-17 11:00:00-04:00,30.47
2019-07-17 12:00:00-04:00,30.809
2019-07-17 13:00:00-04:00,30.709
2019-07-17 14:00:00-04:00,30.507
2019-07-17 15:00:00-04:00,29.987
2019-07-17 16:00:00-04:00,28.791
2019-07-17 17:00:00-04:00,27.446
2019-07-17 18:00:00-04:00,26.29
2019-07-17 19:00:00-04:00,25.172
2019-07-17 20:00:00-04:00,24.418
2019-07-17 21:00:00-04:00,24.092
2019-07-17 22:00:00-04:00,23.749
2019-07-17 23:00:00-04:00,23.557
2019-07-18 00:00:00-04:00,23.337
2019-07-18 01:00:00-04:00,22.973
2019-07-18 02:00:00-04:00,22.68
2019-07-18 03:00:00-04:00,22.349
2019-07-18 04:00:00-04:00,21.99
2019-07-18 05:00:00-04:00,21.914
2019-07-18 06:00:00-04:00,22.654
2019-07-18 07:00:00-04:00,24.299
2019-07-18 08:00:00-04:00,26.231
2019-07-18 09:00:00-04:00,27.705
2019-07-18 10:00:00-04:00,28.136
2019-07-18 11:00:00-04:00,27.129
2019-07-18 12:00:00-04:00,26.273
2019-07-18 13:00:00-04:00,25.81
2019-07-18 14:00:00-04:00,25.157
2019-07-18 15:00:00-04:00,24.641
2019-07-18 16:00:00-04:00,24.067
2019-07-18 17:00:00-04:00,23.538
2019-07-18 18:00:00-04:00,22.817
2019-07-18 19:00:00-04:00,21.851
2019-07-18 20:00:00-04:00,20.938
2019-07-18 21:00:00-04:00,20.187
2019-07-18 22:00:00-04:00,19.489
2019-07-18 23:00:00-04:00,18.989
2019-07-19 00:00:00-04:00,18.697
2019-07-19 01:00:00-04:00,18.478
2019-07-19 02:00:00-04:00,18.314
2019-07-19 03:00:00-04:00,18.141
2019-07-19 04:00:00-04:00,18.021
2019-07-19 05:00:00-04:00,17.921
2019-07-19 06:00:00-04:00,19.052
2019-07-19 07:00:00-04:00,20.448
2019-07-19 08:00:00-04:00,22.241
2019-07-19 09:00:00-04:00,25.125
2019-07-19 10:00:00-04:00,27.599
2019-07-19 11:00:00-04:00,29.344
2019-07-19 12:00:00-04:00,30.482
2019-07-19 13:00:00-04:00,31.148
2019-07-19 14:00:00-04:00,31.465
2019-07-19 15:00:00-04:00,31.361
2019-07-19 16:00:00-04:00,30.974
2019-07-19 17:00:00-04:00,30.416
2019-07-19 18:00:00-04:00,29.386
2019-07-19 19:00:00-04:00,27.769
2019-07-19 20:00:00-04:00,26.344
2019-07-19 21:00:00-04:00,25.713
2019-07-19 22:00:00-04:00,25.34
2019-07-19 23:00:00-04:00,25.186
2019-07-20 00:00:00-04:00,25.14
2019-07-20 01:00:00-04:00,25.058
2019-07-20 02:00:00-04:00,24.879
2019-07-20 03:00:00-04:00,24.716
2019-07-20 04:00:00-04:00,24.506
2019-07-20 05:00:00-04:00,24.348
2019-07-20 06:00:00-04:00,25.16
2019-07-20 07:00:00-04:00,26.413
2019-07-20 08:00:00-04:00,28.034
2019-07-20 09:00:00-04:00,29.371
2019-07-20 10:00:00-04:00,30.48
2019-07-20 11:00:00-04:00,31.268
2019-07-20 12:00:00-04:00,31.962
2019-07-20 13:00:00-04:00,32.83
2019-07-20 14:00:00-04:00,33.176
2019-07-20 15:00:00-04:00,33.131
2019-07-20 16:00:00-04:00,32.716
2019-07-20 17:00:00-04:00,32.029
2019-07-20 18:00:00-04:00,30.669
2019-07-20 19:00:00-04:00,28.738
2019-07-20 20:00:00-04:00,27.349
2019-07-20 21:00:00-04:00,26.899
2019-07-20 22:00:00-04:00,26.378
2019-07-20 23:00:00-04:00,25.792
2019-07-21 00:00:00-04:00,25.472
2019-07-21 01:00:00-04:00,25.139
2019-07-21 02:00:00-04:00,24.801
2019-07-21 03:00:00-04:00,24.404
2019-07-21 04:00:00-04:00,24.036
2019-07-21 05:00:00-04:00,23.754
2019-07-21 06:00:00-04:00,24.712
2019-07-21 07:00:00-04:00,26.624
2019-07-21 08:00:00-04:00,29.021
2019-07-21 09:00:00-04:00,30.825
2019-07-21 10:00:00-04:00,32.069
2019-07-21 11:00:00-04:00,32.788
2019-07-21 12:00:00-04:00,33.31
2019-07-21 13:00:00-04:00,33.576
2019-07-21 14:00:00-04:00,33.528
2019-07-21 15:00:00-04:00,32.985
2019-07-21 16:00:00-04:00,32.031
2019-07-21 17:00:00-04:00,30.899
2019-07-21 18:00:00-04:00,29.649
2019-07-21 19:00:00-04:00,28.203
2019-07-21 20:00:00-04:00,26.516
2019-07-21 21:00:00-04:00,25.076
2019-07-21 22:00:00-04:00,23.924
2019-07-21 23:00:00-04:00,23.108
2019-07-22 00:00:00-04:00,22.572
2019-07-22 01:00:00-04:00,21.975
2019-07-22 02:00:00-04:00,21.429
2019-07-22 03:00:00-04:00,20.926
2019-07-22 04:00:00-04:00,20.557
2019-07-22 05:00:00-04:00,20.734
2019-07-22 06:00:00-04:00,21.924
2019-07-22 07:00:00-04:00,23.183
2019-07-22 08:00:00-04:00,25.121
2019-07-22 09:00:00-04:00,26.462
2019-07-22 10:00:00-04:00,27.211
2019-07-22 11:00:00-04:00,27.962
2019-07-22 12:00:00-04:00,28.242
2019-07-22 13:00:00-04:00,29.153
2019-07-22 14:00:00-04:00,29.656
2019-07-22 15:00:00-04:00,29.243
2019-07-22 16:00:00-04:00,28.34
2019-07-22 17:00:00-04:00,26.858
2019-07-22 18:00:00-04:00,24.986
2019-07-22 19:00:00-04:00,23.273
2019-07-22 20:00:00-04:00,22.234
2019-07-22 21:00:00-04:00,21.67
2019-07-22 22:00:00-04:00,21.2
2019-07-22 23:00:00-04:00,20.835
2019-07-23 00:00:00-04:00,20.644
2019-07-23 01:00:00-04:00,20.625
2019-07-23 02:00:00-04:00,20.476
2019-07-23 03:00:00-04:00,20.059
2019-07-23 04:00:00-04:00,19.374
2019-07-23 05:00:00-04:00,18.598
2019-07-23 06:00:00-04:00,18.186
2019-07-23 07:00:00-04:00,18.188
2019-07-23 08:00:00-04:00,18.324
2019-07-23 09:00:00-04:00,18.504
2019-07-23 10:00:00-04:00,18.786
2019-07-23 11:00:00-04:00,19.062
2019-07-23 12:00:00-04:00,19.417
2019-07-23 13:00:00-04:00,20.202
2019-07-23 14:00:00-04:00,21.234
2019-07-23 15:00:00-04:00,21.857
2019-07-23 16:00:00-04:00,22.041
2019-07-23 17:00:00-04:00,21.907
2019-07-23 18:00:00-04:00,21.932
2019-07-23 19:00:00-04:00,21.217
2019-07-23 20:00:00-04:00,20.56
2019-07-23 21:00:00-04:00,19.887
2019-07-23 22:00:00-04:00,18.93
2019-07-23 23:00:00-04:00,18.165
2019-07-24 00:00:00-04:00,17.818
2019-07-24 01:00:00-04:00,17.7
2019-07-24 02:00:00-04:00,17.617
2019-07-24 03:00:00-04:00,17.074
2019-07-24 04:00:00-04:00,16.804
2019-07-24 05:00:00-04:00,16.722
2019-07-24 06:00:00-04:00,17.122
2019-07-24 07:00:00-04:00,18.152
2019-07-24 08:00:00-04:00,20.803
2019-07-24 09:00:00-04:00,22.397
2019-07-24 10:00:00-04:00,23.672
2019-07-24 11:00:00-04:00,24.981
2019-07-24 12:00:00-04:00,25.859
2019-07-24 13:00:00-04:00,26.402
2019-07-24 14:00:00-04:00,26.637
2019-07-24 15:00:00-04:00,26.481
2019-07-24 16:00:00-04:00,26.119
2019-07-24 17:00:00-04:00,25.81
2019-07-24 18:00:00-04:00,24.625
2019-07-24 19:00:00-04:00,22.793
2019-07-24 20:00:00-04:00,21.308
2019-07-24 21:00:00-04:00,20.547
2019-07-24 22:00:00-04:00,19.946
2019-07-24 23:00:00-04:00,19.462
2019-07-25 00:00:00-04:00,19.131
2019-07-25 01:00:00-04:00,18.646
2019-07-25 02:00:00-04:00,18.0
2019-07-25 03:00:00-04:00,17.487
2019-07-25 04:00:00-04:00,17.062
2019-07-25 05:00:00-04:00,16.687
2019-07-25 06:00:00-04:00,17.54
2019-07-25 07:00:00-04:00,19.244
2019-07-25 08:00:00-04:00,22.279
2019-07-25 09:00:00-04:00,24.296
2019-07-25 10:00:00-04:00,25.398
2019-07-25 11:00:00-04:00,26.147
2019-07-25 12:00:00-04:00,26.815
2019-07-25 13:00:00-04:00,27.285
2019-07-25 14:00:00-04:00,27.409
2019-07-25 15:00:00-04:00,27.38
2019-07-25 16:00:00-04:00,27.326
2019-07-25 17:00:00-04:00,27.238
2019-07-25 18:00:00-04:00,26.109
2019-07-25 19:00:00-04:00,24.0
2019-07-25 20:00:00-04:00,22.323
2019-07-25 21:00:00-04:00,21.185
2019-07-25 22:00:00-04:00,20.175
2019-07-25 23:00:00-04:00,19.318
2019-07-26 00:00:00-04:00,18.679
2019-07-26 01:00:00-04:00,18.156
2019-07-26 02:00:00-04:00,17.68
2019-07-26 03:00:00-04:00,17.177
2019-07-26 04:00:00-04:00,16.782
2019-07-26 05:00:00-04:00,16.402
2019-07-26 06:00:00-04:00,17.97
2019-07-26 07:00:00-04:00,19.843
2019-07-26 08:00:00-04:00,22.687
2019-07-26 09:00:00-04:00,25.211
2019-07-26 10:00:00-04:00,26.749
2019-07-26 11:00:00-04:00,27.846
2019-07-26 12:00:00-04:00,28.561
2019-07-26 13:00:00-04:00,28.973
2019-07-26 14:00:00-04:00,29.098
2019-07-26 15:00:00-04:00,29.086
2019-07-26 16:00:00-04:00,29.22
2019-07-26 17:00:00-04:00,28.933
2019-07-26 18:00:00-04:00,27.279
2019-07-26 19:00:00-04:00,24.293
2019-07-26 20:00:00-04:00,22.232
2019-07-26 21:00:00-04:00,21.081
2019-07-26 22:00:00-04:00,20.327
2019-07-26 23:00:00-04:00,19.777
2019-07-27 00:00:00-04:00,19.163
2019-07-27 01:00:00-04:00,18.745
2019-07-27 02:00:00-04:00,18.473
2019-07-27 03:00:00-04:00,18.31
2019-07-27 04:00:00-04:00,18.215
2019-07-27 05:00:00-04:00,18.208
2019-07-27 06:00:00-04:00,19.916
2019-07-27 07:00:00-04:00,21.971
2019-07-27 08:00:00-04:00,23.924
2019-07-27 09:00:00-04:00,25.607
2019-07-27 10:00:00-04:00,26.961
2019-07-27 11:00:00-04:00,27.789
2019-07-27 12:00:00-04:00,28.264
2019-07-27 13:00:00-04:00,28.441
2019-07-27 14:00:00-04:00,28.385
2019-07-27 15:00:00-04:00,28.074
2019-07-27 16:00:00-04:00,27.441
2019-07-27 17:00:00-04:00,26.535
2019-07-27 18:00:00-04:00,25.19
2019-07-27 19:00:00-04:00,23.242
2019-07-27 20:00:00-04:00,21.587
2019-07-27 21:00:00-04:00,20.677
2019-07-27 22:00:00-04:00,19.966
2019-07-27 23:00:00-04:00,19.419
2019-07-28 00:00:00-04:00,19.032
2019-07-28 01:00:00-04:00,18.843
2019-07-28 02:00:00-04:00,18.763
2019-07-28 03:00:00-04:00,18.766
2019-07-28 04:00:00-04:00,18.846
2019-07-28 05:00:00-04:00,18.719
2019-07-28 06:00:00-04:00,20.041
2019-07-28 07:00:00-04:00,21.656
2019-07-28 08:00:00-04:00,24.064
2019-07-28 09:00:00-04:00,26.661
2019-07-28 10:00:00-04:00,28.591
2019-07-28 11:00:00-04:00,29.668
2019-07-28 12:00:00-04:00,30.256
2019-07-28 13:00:00-04:00,30.586
2019-07-28 14:00:00-04:00,30.684
2019-07-28 15:00:00-04:00,30.495
2019-07-28 16:00:00-04:00,30.014
2019-07-28 17:00:00-04:00,29.273
2019-07-28 18:00:00-04:00,28.031
2019-07-28 19:00:00-04:00,26.095
2019-07-28 20:00:00-04:00,24.526
2019-07-28 21:00:00-04:00,23.908
2019-07-28 22:00:00-04:00,23.527
2019-07-28 23:00:00-04:00,23.105
2019-07-29 00:00:00-04:00,22.692
2019-07-29 01:00:00-04:00,22.364
2019-07-29 02:00:00-04:00,22.25
2019-07-29 03:00:00-04:00,22.072
2019-07-29 04:00:00-04:00,21.806
2019-07-29 05:00:00-04:00,21.587
2019-07-29 06:00:00-04:00,22.11
2019-07-29 07:00:00-04:00,23.203
2019-07-29 08:00:00-04:00,25.089
2019-07-29 09:00:00-04:00,27.252
2019-07-29 10:00:00-04:00,29.233
2019-07-29 11:00:00-04:00,30.545
2019-07-29 12:00:00-04:00,31.167
2019-07-29 13:00:00-04:00,31.625
2019-07-29 14:00:00-04:00,31.744
2019-07-29 15:00:00-04:00,31.443
2019-07-29 16:00:00-04:00,30.661
2019-07-29 17:00:00-04:00,29.678
2019-07-29 18:00:00-04:00,28.349
2019-07-29 19:00:00-04:00,26.382
2019-07-29 20:00:00-04:00,24.616
2019-07-29 21:00:00-04:00,23.874
2019-07-29 22:00:00-04:00,23.323
2019-07-29 23:00:00-04:00,22.916
2019-07-30 00:00:00-04:00,22.68
2019-07-30 01:00:00-04:00,22.484
2019-07-30 02:00:00-04:00,22.395
2019-07-30 03:00:00-04:00,22.524
2019-07-30 04:00:00-04:00,22.45
2019-07-30 05:00:00-04:00,22.116
2019-07-30 06:00:00-04:00,23.215
2019-07-30 07:00:00-04:00,25.017
2019-07-30 08:00:00-04:00,27.654
2019-07-30 09:00:00-04:00,30.082
2019-07-30 10:00:00-04:00,31.728
2019-07-30 11:00:00-04:00,32.456
2019-07-30 12:00:00-04:00,32.961
2019-07-30 13:00:00-04:00,33.057
2019-07-30 14:00:00-04:00,32.95
2019-07-30 15:00:00-04:00,32.577
2019-07-30 16:00:00-04:00,31.665
2019-07-30 17:00:00-04:00,30.595
2019-07-30 18:00:00-04:00,29.043
2019-07-30 19:00:00-04:00,26.773
2019-07-30 20:00:00-04:00,24.845
2019-07-30 21:00:00-04:00,23.99
2019-07-30 22:00:00-04:00,23.366
2019-07-30 23:00:00-04:00,22.814
2019-07-31 00:00:00-04:00,22.498
2019-07-31 01:00:00-04:00,22.165
2019-07-31 02:00:00-04:00,21.71
2019-07-31 03:00:00-04:00,21.269
2019-07-31 04:00:00-04:00,20.933
2019-07-31 05:00:00-04:00,20.608
2019-07-31 06:00:00-04:00,22.094
2019-07-31 07:00:00-04:00,23.935
2019-07-31 08:00:00-04:00,26.275
2019-07-31 09:00:00-04:00,28.428
2019-07-31 10:00:00-04:00,30.059
2019-07-31 11:00:00-04:00,30.754
2019-07-31 12:00:00-04:00,30.865
2019-07-31 13:00:00-04:00,30.555
2019-07-31 14:00:00-04:00,30.068
2019-07-31 15:00:00-04:00,29.399
2019-07-31 16:00:00-04:00,28.57
2019-07-31 17:00:00-04:00,27.807
2019-07-31 18:00:00-04:00,26.7
2019-07-31 19:00:00-04:00,24.841
2019-07-31 20:00:00-04:00,23.417
2019-07-31 21:00:00-04:00,22.735
2019-07-31 22:00:00-04:00,22.243
2019-07-31 23:00:00-04:00,21.847
2019-08-01 00:00:00-04:00,21.539
2019-08-01 01:00:00-04:00,21.218
2019-08-01 02:00:00-04:00,20.877
2019-08-01 03:00:00-04:00,20.512
2019-08-01 04:00:00-04:00,20.122
2019-08-01 05:00:00-04:00,19.713
2019-08-01 06:00:00-04:00,19.843
2019-08-01 07:00:00-04:00,20.682
2019-08-01 08:00:00-04:00,22.534
2019-08-01 09:00:00-04:00,24.773
2019-08-01 10:00:00-04:00,26.456
2019-08-01 11:00:00-04:00,27.986
2019-08-01 12:00:00-04:00,29.055
2019-08-01 13:00:00-04:00,29.815
2019-08-01 14:00:00-04:00,30.309
2019-08-01 15:00:00-04:00,30.239
2019-08-01 16:00:00-04:00,29.741
2019-08-01 17:00:00-04:00,28.815
2019-08-01 18:00:00-04:00,27.313
2019-08-01 19:00:00-04:00,24.564
2019-08-01 20:00:00-04:00,22.239
2019-08-01 21:00:00-04:00,21.194
2019-08-01 22:00:00-04:00,20.289
2019-08-01 23:00:00-04:00,19.474
2019-08-02 00:00:00-04:00,18.925
2019-08-02 01:00:00-04:00,18.468
2019-08-02 02:00:00-04:00,17.916
2019-08-02 03:00:00-04:00,17.447
2019-08-02 04:00:00-04:00,16.977
2019-08-02 05:00:00-04:00,16.534
2019-08-02 06:00:00-04:00,17.682
2019-08-02 07:00:00-04:00,19.677
2019-08-02 08:00:00-04:00,23.34
2019-08-02 09:00:00-04:00,26.708
2019-08-02 10:00:00-04:00,28.552
2019-08-02 11:00:00-04:00,29.335
2019-08-02 12:00:00-04:00,29.818
2019-08-02 13:00:00-04:00,30.174
2019-08-02 14:00:00-04:00,30.501
2019-08-02 15:00:00-04:00,30.242
2019-08-02 16:00:00-04:00,29.504
2019-08-02 17:00:00-04:00,28.349
2019-08-02 18:00:00-04:00,26.759
2019-08-02 19:00:00-04:00,24.585
2019-08-02 20:00:00-04:00,22.598
2019-08-02 21:00:00-04:00,21.76
2019-08-02 22:00:00-04:00,21.185
2019-08-02 23:00:00-04:00,20.761
2019-08-03 00:00:00-04:00,20.358
2019-08-03 01:00:00-04:00,19.828
2019-08-03 02:00:00-04:00,19.509
2019-08-03 03:00:00-04:00,19.394
2019-08-03 04:00:00-04:00,19.191
2019-08-03 05:00:00-04:00,19.152
2019-08-03 06:00:00-04:00,20.836
2019-08-03 07:00:00-04:00,22.927
2019-08-03 08:00:00-04:00,24.738
2019-08-03 09:00:00-04:00,26.245
2019-08-03 10:00:00-04:00,27.493
2019-08-03 11:00:00-04:00,28.423
2019-08-03 12:00:00-04:00,28.935
2019-08-03 13:00:00-04:00,29.115
2019-08-03 14:00:00-04:00,29.163
2019-08-03 15:00:00-04:00,29.088
2019-08-03 16:00:00-04:00,28.683
2019-08-03 17:00:00-04:00,27.815
2019-08-03 18:00:00-04:00,26.493
2019-08-03 19:00:00-04:00,24.659
2019-08-03 20:00:00-04:00,23.083
2019-08-03 21:00:00-04:00,22.287
2019-08-03 22:00:00-04:00,21.758
2019-08-03 23:00:00-04:00,21.424
2019-08-04 00:00:00-04:00,21.246
2019-08-04 01:00:00-04:00,21.109
2019-08-04 02:00:00-04:00,20.956
2019-08-04 03:00:00-04:00,20.83
2019-08-04 04:00:00-04:00,20.6
2019-08-04 05:00:00-04:00,20.265
2019-08-04 06:00:00-04:00,20.463
2019-08-04 07:00:00-04:00,21.184
2019-08-04 08:00:00-04:00,22.694
2019-08-04 09:00:00-04:00,25.262
2019-08-04 10:00:00-04:00,27.424
2019-08-04 11:00:00-04:00,28.948
2019-08-04 12:00:00-04:00,29.904
2019-08-04 13:00:00-04:00,30.469
2019-08-04 14:00:00-04:00,30.643
2019-08-04 15:00:00-04:00,30.504
2019-08-04 16:00:00-04:00,30.051
2019-08-04 17:00:00-04:00,29.036
2019-08-04 18:00:00-04:00,27.533
2019-08-04 19:00:00-04:00,25.035
2019-08-04 20:00:00-04:00,22.991
2019-08-04 21:00:00-04:00,22.138
2019-08-04 22:00:00-04:00,21.386
2019-08-04 23:00:00-04:00,20.66
2019-08-05 00:00:00-04:00,20.053
2019-08-05 01:00:00-04:00,19.431
2019-08-05 02:00:00-04:00,18.782
2019-08-05 03:00:00-04:00,18.16
2019-08-05 04:00:00-04:00,17.611
2019-08-05 05:00:00-04:00,16.978
2019-08-05 06:00:00-04:00,17.23
2019-08-05 07:00:00-04:00,19.068
2019-08-05 08:00:00-04:00,21.692
2019-08-05 09:00:00-04:00,23.957
2019-08-05 10:00:00-04:00,26.049
2019-08-05 11:00:00-04:00,27.456
2019-08-05 12:00:00-04:00,28.279
2019-08-05 13:00:00-04:00,28.981
2019-08-05 14:00:00-04:00,29.47
2019-08-05 15:00:00-04:00,29.59
2019-08-05 16:00:00-04:00,29.196
2019-08-05 17:00:00-04:00,28.197
2019-08-05 18:00:00-04:00,26.677
2019-08-05 19:00:00-04:00,23.455
2019-08-05 20:00:00-04:00,21.06
2019-08-05 21:00:00-04:00,19.907
2019-08-05 22:00:00-04:00,18.907
2019-08-05 23:00:00-04:00,18.257
2019-08-06 00:00:00-04:00,17.875
2019-08-06 01:00:00-04:00,17.548000000000002
2019-08-06 02:00:00-04:00,17.329
2019-08-06 03:00:00-04:00,17.155
2019-08-06 04:00:00-04:00,17.087
2019-08-06 05:00:00-04:00,17.179
2019-08-06 06:00:00-04:00,18.624
2019-08-06 07:00:00-04:00,21.011
2019-08-06 08:00:00-04:00,23.067
2019-08-06 09:00:00-04:00,24.52
2019-08-06 10:00:00-04:00,25.386
2019-08-06 11:00:00-04:00,25.874
2019-08-06 12:00:00-04:00,25.994
2019-08-06 13:00:00-04:00,26.061
2019-08-06 14:00:00-04:00,26.14
2019-08-06 15:00:00-04:00,26.045
2019-08-06 16:00:00-04:00,25.619
2019-08-06 17:00:00-04:00,24.989
2019-08-06 18:00:00-04:00,24.094
2019-08-06 19:00:00-04:00,22.573
2019-08-06 20:00:00-04:00,21.09
2019-08-06 21:00:00-04:00,20.557
2019-08-06 22:00:00-04:00,20.123
2019-08-06 23:00:00-04:00,19.773
2019-08-07 00:00:00-04:00,19.597
2019-08-07 01:00:00-04:00,19.606
2019-08-07 02:00:00-04:00,19.816
2019-08-07 03:00:00-04:00,20.186
2019-08-07 04:00:00-04:00,20.529
2019-08-07 05:00:00-04:00,20.332
2019-08-07 06:00:00-04:00,21.109
2019-08-07 07:00:00-04:00,22.326
2019-08-07 08:00:00-04:00,23.956
2019-08-07 09:00:00-04:00,25.275
2019-08-07 10:00:00-04:00,26.393
2019-08-07 11:00:00-04:00,27.392
2019-08-07 12:00:00-04:00,27.985
2019-08-07 13:00:00-04:00,28.14
2019-08-07 14:00:00-04:00,28.139
2019-08-07 15:00:00-04:00,27.819
2019-08-07 16:00:00-04:00,27.041
2019-08-07 17:00:00-04:00,25.785
2019-08-07 18:00:00-04:00,24.242
2019-08-07 19:00:00-04:00,23.02
2019-08-07 20:00:00-04:00,22.476
2019-08-07 21:00:00-04:00,22.286
2019-08-07 22:00:00-04:00,22.109
2019-08-07 23:00:00-04:00,21.897
2019-08-08 00:00:00-04:00,21.639
2019-08-08 01:00:00-04:00,21.359
2019-08-08 02:00:00-04:00,21.017
2019-08-08 03:00:00-04:00,20.599
2019-08-08 04:00:00-04:00,20.086
2019-08-08 05:00:00-04:00,19.585
2019-08-08 06:00:00-04:00,20.025
2019-08-08 07:00:00-04:00,20.917
2019-08-08 08:00:00-04:00,21.852
2019-08-08 09:00:00-04:00,23.527
2019-08-08 10:00:00-04:00,26.044
2019-08-08 11:00:00-04:00,27.505
2019-08-08 12:00:00-04:00,28.421
2019-08-08 13:00:00-04:00,28.946
2019-08-08 14:00:00-04:00,29.147
2019-08-08 15:00:00-04:00,29.01
2019-08-08 16:00:00-04:00,28.582
2019-08-08 17:00:00-04:00,27.809
2019-08-08 18:00:00-04:00,26.472
2019-08-08 19:00:00-04:00,24.322
2019-08-08 20:00:00-04:00,22.715
2019-08-08 21:00:00-04:00,21.912
2019-08-08 22:00:00-04:00,21.046
2019-08-08 23:00:00-04:00,20.514
2019-08-09 00:00:00-04:00,20.125
2019-08-09 01:00:00-04:00,19.819
2019-08-09 02:00:00-04:00,19.607
2019-08-09 03:00:00-04:00,19.259
2019-08-09 04:00:00-04:00,18.667
2019-08-09 05:00:00-04:00,18.039
2019-08-09 06:00:00-04:00,18.7
2019-08-09 07:00:00-04:00,20.184
2019-08-09 08:00:00-04:00,22.324
2019-08-09 09:00:00-04:00,24.322
2019-08-09 10:00:00-04:00,25.746
2019-08-09 11:00:00-04:00,26.776
2019-08-09 12:00:00-04:00,27.566
2019-08-09 13:00:00-04:00,28.132
2019-08-09 14:00:00-04:00,28.427
2019-08-09 15:00:00-04:00,28.408
2019-08-09 16:00:00-04:00,27.825
2019-08-09 17:00:00-04:00,26.729
2019-08-09 18:00:00-04:00,25.125
2019-08-09 19:00:00-04:00,22.847
2019-08-09 20:00:00-04:00,21.226
2019-08-09 21:00:00-04:00,20.206
2019-08-09 22:00:00-04:00,18.879
2019-08-09 23:00:00-04:00,17.766
2019-08-10 00:00:00-04:00,17.081
2019-08-10 01:00:00-04:00,16.654
2019-08-10 02:00:00-04:00,16.509
2019-08-10 03:00:00-04:00,16.297
2019-08-10 04:00:00-04:00,15.986
2019-08-10 05:00:00-04:00,15.586
2019-08-10 06:00:00-04:00,16.323
2019-08-10 07:00:00-04:00,18.474
2019-08-10 08:00:00-04:00,21.152
2019-08-10 09:00:00-04:00,22.765
2019-08-10 10:00:00-04:00,24.064
2019-08-10 11:00:00-04:00,25.08
2019-08-10 12:00:00-04:00,25.823
2019-08-10 13:00:00-04:00,26.292
2019-08-10 14:00:00-04:00,26.365
2019-08-10 15:00:00-04:00,26.097
2019-08-10 16:00:00-04:00,25.315
2019-08-10 17:00:00-04:00,24.323
2019-08-10 18:00:00-04:00,23.158
2019-08-10 19:00:00-04:00,21.394
2019-08-10 20:00:00-04:00,19.263
2019-08-10 21:00:00-04:00,17.679
2019-08-10 22:00:00-04:00,16.634
2019-08-10 23:00:00-04:00,15.904
2019-08-11 00:00:00-04:00,15.32
2019-08-11 01:00:00-04:00,14.889
2019-08-11 02:00:00-04:00,14.433
2019-08-11 03:00:00-04:00,14.092
2019-08-11 04:00:00-04:00,13.687
2019-08-11 05:00:00-04:00,13.293
2019-08-11 06:00:00-04:00,13.957
2019-08-11 07:00:00-04:00,16.344
2019-08-11 08:00:00-04:00,19.868
2019-08-11 09:00:00-04:00,22.025
2019-08-11 10:00:00-04:00,23.617
2019-08-11 11:00:00-04:00,24.882
2019-08-11 12:00:00-04:00,25.844
2019-08-11 13:00:00-04:00,26.527
2019-08-11 14:00:00-04:00,26.961
2019-08-11 15:00:00-04:00,27.095
2019-08-11 16:00:00-04:00,26.645
2019-08-11 17:00:00-04:00,25.745
2019-08-11 18:00:00-04:00,24.344
2019-08-11 19:00:00-04:00,21.483
2019-08-11 20:00:00-04:00,19.339
2019-08-11 21:00:00-04:00,18.528
2019-08-11 22:00:00-04:00,18.139
2019-08-11 23:00:00-04:00,17.727
2019-08-12 00:00:00-04:00,17.26
2019-08-12 01:00:00-04:00,16.908
2019-08-12 02:00:00-04:00,16.312
2019-08-12 03:00:00-04:00,15.535
2019-08-12 04:00:00-04:00,15.046
2019-08-12 05:00:00-04:00,14.749
2019-08-12 06:00:00-04:00,15.953
2019-08-12 07:00:00-04:00,18.824
2019-08-12 08:00:00-04:00,22.454
2019-08-12 09:00:00-04:00,25.195
2019-08-12 10:00:00-04:00,26.636
2019-08-12 11:00:00-04:00,27.76
2019-08-12 12:00:00-04:00,28.496
2019-08-12 13:00:00-04:00,29.371
2019-08-12 14:00:00-04:00,29.974
2019-08-12 15:00:00-04:00,29.997
2019-08-12 16:00:00-04:00,29.5
2019-08-12 17:00:00-04:00,28.46
2019-08-12 18:00:00-04:00,26.774
2019-08-12 19:00:00-04:00,24.209
2019-08-12 20:00:00-04:00,22.678
2019-08-12 21:00:00-04:00,22.176
2019-08-12 22:00:00-04:00,21.502
2019-08-12 23:00:00-04:00,21.105
2019-08-13 00:00:00-04:00,21.014
2019-08-13 01:00:00-04:00,20.955
2019-08-13 02:00:00-04:00,20.855
2019-08-13 03:00:00-04:00,20.737
2019-08-13 04:00:00-04:00,20.798000000000002
2019-08-13 05:00:00-04:00,20.7
2019-08-13 06:00:00-04:00,20.769
2019-08-13 07:00:00-04:00,21.469
2019-08-13 08:00:00-04:00,22.631
2019-08-13 09:00:00-04:00,23.845
2019-08-13 10:00:00-04:00,24.844
2019-08-13 11:00:00-04:00,24.936
2019-08-13 12:00:00-04:00,24.765
2019-08-13 13:00:00-04:00,24.833
2019-08-13 14:00:00-04:00,24.993
2019-08-13 15:00:00-04:00,24.986
2019-08-13 16:00:00-04:00,24.796
2019-08-13 17:00:00-04:00,24.48
2019-08-13 18:00:00-04:00,23.794
2019-08-13 19:00:00-04:00,22.546
2019-08-13 20:00:00-04:00,21.65
2019-08-13 21:00:00-04:00,21.275
2019-08-13 22:00:00-04:00,20.836
2019-08-13 23:00:00-04:00,20.433
2019-08-14 00:00:00-04:00,20.272
2019-08-14 01:00:00-04:00,20.159
2019-08-14 02:00:00-04:00,19.602
2019-08-14 03:00:00-04:00,19.486
2019-08-14 04:00:00-04:00,19.565
2019-08-14 05:00:00-04:00,19.366
2019-08-14 06:00:00-04:00,19.63
2019-08-14 07:00:00-04:00,20.256
2019-08-14 08:00:00-04:00,21.082
2019-08-14 09:00:00-04:00,22.411
2019-08-14 10:00:00-04:00,24.599
2019-08-14 11:00:00-04:00,26.497
2019-08-14 12:00:00-04:00,27.77
2019-08-14 13:00:00-04:00,28.644
2019-08-14 14:00:00-04:00,28.947
2019-08-14 15:00:00-04:00,28.84
2019-08-14 16:00:00-04:00,28.67
2019-08-14 17:00:00-04:00,28.05
2019-08-14 18:00:00-04:00,26.984
2019-08-14 19:00:00-04:00,24.586
2019-08-14 20:00:00-04:00,23.086
2019-08-14 21:00:00-04:00,22.258
2019-08-14 22:00:00-04:00,21.458
2019-08-14 23:00:00-04:00,20.875
2019-08-15 00:00:00-04:00,20.237
2019-08-15 01:00:00-04:00,19.74
2019-08-15 02:00:00-04:00,19.336
2019-08-15 03:00:00-04:00,18.97
2019-08-15 04:00:00-04:00,18.3
2019-08-15 05:00:00-04:00,17.548000000000002
2019-08-15 06:00:00-04:00,17.817
2019-08-15 07:00:00-04:00,19.739
2019-08-15 08:00:00-04:00,22.305
2019-08-15 09:00:00-04:00,24.731
2019-08-15 10:00:00-04:00,26.675
2019-08-15 11:00:00-04:00,28.094
2019-08-15 12:00:00-04:00,28.926
2019-08-15 13:00:00-04:00,29.424
2019-08-15 14:00:00-04:00,29.744
2019-08-15 15:00:00-04:00,29.82
2019-08-15 16:00:00-04:00,29.243
2019-08-15 17:00:00-04:00,28.152
2019-08-15 18:00:00-04:00,26.398
2019-08-15 19:00:00-04:00,23.657
2019-08-15 20:00:00-04:00,21.895
2019-08-15 21:00:00-04:00,20.908
2019-08-15 22:00:00-04:00,19.974
2019-08-15 23:00:00-04:00,19.05
2019-08-16 00:00:00-04:00,18.021
2019-08-16 01:00:00-04:00,17.446
2019-08-16 02:00:00-04:00,17.092
2019-08-16 03:00:00-04:00,16.757
2019-08-16 04:00:00-04:00,16.56
2019-08-16 05:00:00-04:00,16.219
2019-08-16 06:00:00-04:00,17.086
2019-08-16 07:00:00-04:00,19.417
2019-08-16 08:00:00-04:00,21.729
2019-08-16 09:00:00-04:00,24.168
2019-08-16 10:00:00-04:00,26.373
2019-08-16 11:00:00-04:00,28.115
2019-08-16 12:00:00-04:00,29.253
2019-08-16 13:00:00-04:00,29.93
2019-08-16 14:00:00-04:00,30.163
2019-08-16 15:00:00-04:00,29.827
2019-08-16 16:00:00-04:00,28.86
2019-08-16 17:00:00-04:00,27.555
2019-08-16 18:00:00-04:00,26.011
2019-08-16 19:00:00-04:00,23.954
2019-08-16 20:00:00-04:00,22.222
2019-08-16 21:00:00-04:00,21.105
2019-08-16 22:00:00-04:00,20.266
2019-08-16 23:00:00-04:00,19.652
2019-08-17 00:00:00-04:00,19.261
2019-08-17 01:00:00-04:00,19.077
2019-08-17 02:00:00-04:00,18.984
2019-08-17 03:00:00-04:00,18.974
2019-08-17 04:00:00-04:00,18.956
2019-08-17 05:00:00-04:00,19.006
2019-08-17 06:00:00-04:00,19.431
2019-08-17 07:00:00-04:00,20.692
2019-08-17 08:00:00-04:00,22.86
2019-08-17 09:00:00-04:00,24.626
2019-08-17 10:00:00-04:00,26.378
2019-08-17 11:00:00-04:00,27.896
2019-08-17 12:00:00-04:00,28.733
2019-08-17 13:00:00-04:00,29.031
2019-08-17 14:00:00-04:00,28.673000000000002
2019-08-17 15:00:00-04:00,28.117
2019-08-17 16:00:00-04:00,27.313
2019-08-17 17:00:00-04:00,26.499
2019-08-17 18:00:00-04:00,25.37
2019-08-17 19:00:00-04:00,23.605
2019-08-17 20:00:00-04:00,22.717
2019-08-17 21:00:00-04:00,22.051
2019-08-17 22:00:00-04:00,21.496
2019-08-17 23:00:00-04:00,21.278
2019-08-18 00:00:00-04:00,21.13
2019-08-18 01:00:00-04:00,21.02
2019-08-18 02:00:00-04:00,20.797
2019-08-18 03:00:00-04:00,20.509
2019-08-18 04:00:00-04:00,20.162
2019-08-18 05:00:00-04:00,19.866
2019-08-18 06:00:00-04:00,20.459
2019-08-18 07:00:00-04:00,22.09
2019-08-18 08:00:00-04:00,24.607
2019-08-18 09:00:00-04:00,27.297
2019-08-18 10:00:00-04:00,28.101
2019-08-18 11:00:00-04:00,29.568
2019-08-18 12:00:00-04:00,30.311
2019-08-18 13:00:00-04:00,30.972
2019-08-18 14:00:00-04:00,31.275
2019-08-18 15:00:00-04:00,31.185
2019-08-18 16:00:00-04:00,30.708
2019-08-18 17:00:00-04:00,29.756
2019-08-18 18:00:00-04:00,28.193
2019-08-18 19:00:00-04:00,25.706
2019-08-18 20:00:00-04:00,24.271
2019-08-18 21:00:00-04:00,23.541
2019-08-18 22:00:00-04:00,23.063
2019-08-18 23:00:00-04:00,22.774
2019-08-19 00:00:00-04:00,22.517
2019-08-19 01:00:00-04:00,22.268
2019-08-19 02:00:00-04:00,22.017
2019-08-19 03:00:00-04:00,21.824
2019-08-19 04:00:00-04:00,21.667
2019-08-19 05:00:00-04:00,21.622
2019-08-19 06:00:00-04:00,22.144
2019-08-19 07:00:00-04:00,23.278
2019-08-19 08:00:00-04:00,24.333
2019-08-19 09:00:00-04:00,25.681
2019-08-19 10:00:00-04:00,27.927
2019-08-19 11:00:00-04:00,29.778
2019-08-19 12:00:00-04:00,30.736
2019-08-19 13:00:00-04:00,31.098
2019-08-19 14:00:00-04:00,31.235
2019-08-19 15:00:00-04:00,31.101
2019-08-19 16:00:00-04:00,30.403
2019-08-19 17:00:00-04:00,29.151
2019-08-19 18:00:00-04:00,27.518
2019-08-19 19:00:00-04:00,25.301
2019-08-19 20:00:00-04:00,23.96
2019-08-19 21:00:00-04:00,23.163
2019-08-19 22:00:00-04:00,22.53
2019-08-19 23:00:00-04:00,22.06
2019-08-20 00:00:00-04:00,21.794
2019-08-20 01:00:00-04:00,21.543
2019-08-20 02:00:00-04:00,21.097
2019-08-20 03:00:00-04:00,20.483
2019-08-20 04:00:00-04:00,19.883
2019-08-20 05:00:00-04:00,19.231
2019-08-20 06:00:00-04:00,19.49
2019-08-20 07:00:00-04:00,21.269
2019-08-20 08:00:00-04:00,24.16
2019-08-20 09:00:00-04:00,26.954
2019-08-20 10:00:00-04:00,28.805
2019-08-20 11:00:00-04:00,29.991
2019-08-20 12:00:00-04:00,30.836
2019-08-20 13:00:00-04:00,31.584
2019-08-20 14:00:00-04:00,32.049
2019-08-20 15:00:00-04:00,31.944
2019-08-20 16:00:00-04:00,31.437
2019-08-20 17:00:00-04:00,30.588
2019-08-20 18:00:00-04:00,28.597
2019-08-20 19:00:00-04:00,25.736
2019-08-20 20:00:00-04:00,24.217
2019-08-20 21:00:00-04:00,23.232
2019-08-20 22:00:00-04:00,22.337
2019-08-20 23:00:00-04:00,21.494
2019-08-21 00:00:00-04:00,21.0
2019-08-21 01:00:00-04:00,20.737
2019-08-21 02:00:00-04:00,20.514
2019-08-21 03:00:00-04:00,20.485
2019-08-21 04:00:00-04:00,20.579
2019-08-21 05:00:00-04:00,20.658
2019-08-21 06:00:00-04:00,21.133
2019-08-21 07:00:00-04:00,22.647
2019-08-21 08:00:00-04:00,23.68
2019-08-21 09:00:00-04:00,24.557
2019-08-21 10:00:00-04:00,25.403
2019-08-21 11:00:00-04:00,26.158
2019-08-21 12:00:00-04:00,26.865
2019-08-21 13:00:00-04:00,27.611
2019-08-21 14:00:00-04:00,27.909
2019-08-21 15:00:00-04:00,27.519
2019-08-21 16:00:00-04:00,26.732
2019-08-21 17:00:00-04:00,25.695
2019-08-21 18:00:00-04:00,24.602
2019-08-21 19:00:00-04:00,23.667
2019-08-21 20:00:00-04:00,23.223
2019-08-21 21:00:00-04:00,23.038
2019-08-21 22:00:00-04:00,22.795
2019-08-21 23:00:00-04:00,22.524
2019-08-22 00:00:00-04:00,22.172
2019-08-22 01:00:00-04:00,21.835
2019-08-22 02:00:00-04:00,21.625
2019-08-22 03:00:00-04:00,21.456
2019-08-22 04:00:00-04:00,21.355
2019-08-22 05:00:00-04:00,21.317
2019-08-22 06:00:00-04:00,21.698
2019-08-22 07:00:00-04:00,22.908
2019-08-22 08:00:00-04:00,25.496
2019-08-22 09:00:00-04:00,27.536
2019-08-22 10:00:00-04:00,28.799
2019-08-22 11:00:00-04:00,30.305
2019-08-22 12:00:00-04:00,31.14
2019-08-22 13:00:00-04:00,31.767
2019-08-22 14:00:00-04:00,32.081
2019-08-22 15:00:00-04:00,31.661
2019-08-22 16:00:00-04:00,30.746
2019-08-22 17:00:00-04:00,29.266
2019-08-22 18:00:00-04:00,27.664
2019-08-22 19:00:00-04:00,25.336
2019-08-22 20:00:00-04:00,24.104
2019-08-22 21:00:00-04:00,23.39
2019-08-22 22:00:00-04:00,22.552
2019-08-22 23:00:00-04:00,21.797
2019-08-23 00:00:00-04:00,21.135
2019-08-23 01:00:00-04:00,20.219
2019-08-23 02:00:00-04:00,19.087
2019-08-23 03:00:00-04:00,17.842
2019-08-23 04:00:00-04:00,17.262
2019-08-23 05:00:00-04:00,17.023
2019-08-23 06:00:00-04:00,17.062
2019-08-23 07:00:00-04:00,17.558
2019-08-23 08:00:00-04:00,18.634
2019-08-23 09:00:00-04:00,20.994
2019-08-23 10:00:00-04:00,23.039
2019-08-23 11:00:00-04:00,24.585
2019-08-23 12:00:00-04:00,25.468
2019-08-23 13:00:00-04:00,25.911
2019-08-23 14:00:00-04:00,25.939
2019-08-23 15:00:00-04:00,25.592
2019-08-23 16:00:00-04:00,24.759
2019-08-23 17:00:00-04:00,23.668
2019-08-23 18:00:00-04:00,22.592
2019-08-23 19:00:00-04:00,20.433
2019-08-23 20:00:00-04:00,19.473
2019-08-23 21:00:00-04:00,18.872
2019-08-23 22:00:00-04:00,17.74
2019-08-23 23:00:00-04:00,17.111
2019-08-24 00:00:00-04:00,16.64
2019-08-24 01:00:00-04:00,16.22
2019-08-24 02:00:00-04:00,15.703
2019-08-24 03:00:00-04:00,15.326
2019-08-24 04:00:00-04:00,14.789
2019-08-24 05:00:00-04:00,14.012
2019-08-24 06:00:00-04:00,13.595
2019-08-24 07:00:00-04:00,15.098
2019-08-24 08:00:00-04:00,17.886
2019-08-24 09:00:00-04:00,19.911
2019-08-24 10:00:00-04:00,21.367
2019-08-24 11:00:00-04:00,22.625
2019-08-24 12:00:00-04:00,23.718
2019-08-24 13:00:00-04:00,24.622
2019-08-24 14:00:00-04:00,25.174
2019-08-24 15:00:00-04:00,25.31
2019-08-24 16:00:00-04:00,25.076
2019-08-24 17:00:00-04:00,24.392
2019-08-24 18:00:00-04:00,22.628
2019-08-24 19:00:00-04:00,20.497
2019-08-24 20:00:00-04:00,19.682
2019-08-24 21:00:00-04:00,19.025
2019-08-24 22:00:00-04:00,18.171
2019-08-24 23:00:00-04:00,17.247
2019-08-25 00:00:00-04:00,16.341
2019-08-25 01:00:00-04:00,15.548
2019-08-25 02:00:00-04:00,14.922
2019-08-25 03:00:00-04:00,14.344
2019-08-25 04:00:00-04:00,13.956
2019-08-25 05:00:00-04:00,13.736
2019-08-25 06:00:00-04:00,14.18
2019-08-25 07:00:00-04:00,16.12
2019-08-25 08:00:00-04:00,18.208
2019-08-25 09:00:00-04:00,19.898
2019-08-25 10:00:00-04:00,21.474
2019-08-25 11:00:00-04:00,22.781
2019-08-25 12:00:00-04:00,23.706
2019-08-25 13:00:00-04:00,24.274
2019-08-25 14:00:00-04:00,24.492
2019-08-25 15:00:00-04:00,24.32
2019-08-25 16:00:00-04:00,23.548000000000002
2019-08-25 17:00:00-04:00,22.604
2019-08-25 18:00:00-04:00,21.122
2019-08-25 19:00:00-04:00,18.663
2019-08-25 20:00:00-04:00,17.006
2019-08-25 21:00:00-04:00,15.856
2019-08-25 22:00:00-04:00,14.618
2019-08-25 23:00:00-04:00,13.494
2019-08-26 00:00:00-04:00,12.582
2019-08-26 01:00:00-04:00,11.935
2019-08-26 02:00:00-04:00,11.49
2019-08-26 03:00:00-04:00,11.14
2019-08-26 04:00:00-04:00,10.867
2019-08-26 05:00:00-04:00,10.551
2019-08-26 06:00:00-04:00,10.688
2019-08-26 07:00:00-04:00,12.751
2019-08-26 08:00:00-04:00,15.807
2019-08-26 09:00:00-04:00,18.554
2019-08-26 10:00:00-04:00,20.701
2019-08-26 11:00:00-04:00,22.398
2019-08-26 12:00:00-04:00,23.709
2019-08-26 13:00:00-04:00,24.68
2019-08-26 14:00:00-04:00,25.223
2019-08-26 15:00:00-04:00,25.28
2019-08-26 16:00:00-04:00,25.047
2019-08-26 17:00:00-04:00,24.367
2019-08-26 18:00:00-04:00,22.456
2019-08-26 19:00:00-04:00,18.67
2019-08-26 20:00:00-04:00,16.93
2019-08-26 21:00:00-04:00,16.101
2019-08-26 22:00:00-04:00,15.129
2019-08-26 23:00:00-04:00,14.301
2019-08-27 00:00:00-04:00,13.753
2019-08-27 01:00:00-04:00,13.537
2019-08-27 02:00:00-04:00,13.502
2019-08-27 03:00:00-04:00,13.468
2019-08-27 04:00:00-04:00,13.322
2019-08-27 05:00:00-04:00,13.104
2019-08-27 06:00:00-04:00,13.171
2019-08-27 07:00:00-04:00,15.104
2019-08-27 08:00:00-04:00,16.824
2019-08-27 09:00:00-04:00,18.096
2019-08-27 10:00:00-04:00,19.513
2019-08-27 11:00:00-04:00,20.973
2019-08-27 12:00:00-04:00,21.439
2019-08-27 13:00:00-04:00,21.541
2019-08-27 14:00:00-04:00,21.719
2019-08-27 15:00:00-04:00,22.051
2019-08-27 16:00:00-04:00,22.337
2019-08-27 17:00:00-04:00,22.133
2019-08-27 18:00:00-04:00,20.672
2019-08-27 19:00:00-04:00,18.103
2019-08-27 20:00:00-04:00,17.431
2019-08-27 21:00:00-04:00,16.783
2019-08-27 22:00:00-04:00,16.162
2019-08-27 23:00:00-04:00,15.692
2019-08-28 00:00:00-04:00,15.412
2019-08-28 01:00:00-04:00,15.222
2019-08-28 02:00:00-04:00,14.925
2019-08-28 03:00:00-04:00,14.66
2019-08-28 04:00:00-04:00,14.534
2019-08-28 05:00:00-04:00,14.634
2019-08-28 06:00:00-04:00,15.353
2019-08-28 07:00:00-04:00,18.533
2019-08-28 08:00:00-04:00,20.979
2019-08-28 09:00:00-04:00,22.163
2019-08-28 10:00:00-04:00,22.573
2019-08-28 11:00:00-04:00,22.811
2019-08-28 12:00:00-04:00,23.016
2019-08-28 13:00:00-04:00,23.546
2019-08-28 14:00:00-04:00,23.973
2019-08-28 15:00:00-04:00,23.687
2019-08-28 16:00:00-04:00,22.962
2019-08-28 17:00:00-04:00,22.534
2019-08-28 18:00:00-04:00,22.129
2019-08-28 19:00:00-04:00,21.158
2019-08-28 20:00:00-04:00,20.706
2019-08-28 21:00:00-04:00,20.258
2019-08-28 22:00:00-04:00,19.812
2019-08-28 23:00:00-04:00,19.63
2019-08-29 00:00:00-04:00,19.418
2019-08-29 01:00:00-04:00,19.031
2019-08-29 02:00:00-04:00,18.713
2019-08-29 03:00:00-04:00,18.447
2019-08-29 04:00:00-04:00,18.143
2019-08-29 05:00:00-04:00,17.802
2019-08-29 06:00:00-04:00,17.547
2019-08-29 07:00:00-04:00,18.245
2019-08-29 08:00:00-04:00,19.574
2019-08-29 09:00:00-04:00,21.386
2019-08-29 10:00:00-04:00,24.073
2019-08-29 11:00:00-04:00,25.793
2019-08-29 12:00:00-04:00,26.772
2019-08-29 13:00:00-04:00,27.307
2019-08-29 14:00:00-04:00,27.45
2019-08-29 15:00:00-04:00,27.235
2019-08-29 16:00:00-04:00,26.698
2019-08-29 17:00:00-04:00,25.761
2019-08-29 18:00:00-04:00,23.819
2019-08-29 19:00:00-04:00,20.689
2019-08-29 20:00:00-04:00,19.323
2019-08-29 21:00:00-04:00,18.641
2019-08-29 22:00:00-04:00,17.771
2019-08-29 23:00:00-04:00,16.965
2019-08-30 00:00:00-04:00,16.232
2019-08-30 01:00:00-04:00,15.665
2019-08-30 02:00:00-04:00,15.283
2019-08-30 03:00:00-04:00,14.959
2019-08-30 04:00:00-04:00,14.595
2019-08-30 05:00:00-04:00,14.365
2019-08-30 06:00:00-04:00,14.458
2019-08-30 07:00:00-04:00,17.202
2019-08-30 08:00:00-04:00,20.302
2019-08-30 09:00:00-04:00,23.626
2019-08-30 10:00:00-04:00,25.339
2019-08-30 11:00:00-04:00,26.597
2019-08-30 12:00:00-04:00,27.558
2019-08-30 13:00:00-04:00,28.208
2019-08-30 14:00:00-04:00,28.505
2019-08-30 15:00:00-04:00,28.365
2019-08-30 16:00:00-04:00,27.851
2019-08-30 17:00:00-04:00,27.059
2019-08-30 18:00:00-04:00,25.454
2019-08-30 19:00:00-04:00,23.077
2019-08-30 20:00:00-04:00,21.881
2019-08-30 21:00:00-04:00,21.149
2019-08-30 22:00:00-04:00,20.374
2019-08-30 23:00:00-04:00,19.697
2019-08-31 00:00:00-04:00,18.942
2019-08-31 01:00:00-04:00,18.313
2019-08-31 02:00:00-04:00,17.903
2019-08-31 03:00:00-04:00,17.21
2019-08-31 04:00:00-04:00,16.572
2019-08-31 05:00:00-04:00,16.112
2019-08-31 06:00:00-04:00,15.857
2019-08-31 07:00:00-04:00,17.411
2019-08-31 08:00:00-04:00,19.945
2019-08-31 09:00:00-04:00,21.935
2019-08-31 10:00:00-04:00,23.373
2019-08-31 11:00:00-04:00,24.499
2019-08-31 12:00:00-04:00,25.26
2019-08-31 13:00:00-04:00,25.688
2019-08-31 14:00:00-04:00,25.806
2019-08-31 15:00:00-04:00,25.527
2019-08-31 16:00:00-04:00,24.685
2019-08-31 17:00:00-04:00,23.424
2019-08-31 18:00:00-04:00,21.297
2019-08-31 19:00:00-04:00,18.928
2019-08-31 20:00:00-04:00,17.848
2019-08-31 21:00:00-04:00,17.132
2019-08-31 22:00:00-04:00,16.388
2019-08-31 23:00:00-04:00,15.801
2019-09-01 00:00:00-04:00,15.345
2019-09-01 01:00:00-04:00,14.834
2019-09-01 02:00:00-04:00,14.274000000000001
2019-09-01 03:00:00-04:00,13.748
2019-09-01 04:00:00-04:00,13.395
2019-09-01 05:00:00-04:00,13.124
2019-09-01 06:00:00-04:00,13.212
2019-09-01 07:00:00-04:00,14.617
2019-09-01 08:00:00-04:00,16.874
2019-09-01 09:00:00-04:00,19.185
2019-09-01 10:00:00-04:00,20.868
2019-09-01 11:00:00-04:00,22.506
2019-09-01 12:00:00-04:00,23.99
2019-09-01 13:00:00-04:00,24.872
2019-09-01 14:00:00-04:00,25.215
2019-09-01 15:00:00-04:00,24.798000000000002
2019-09-01 16:00:00-04:00,23.91
2019-09-01 17:00:00-04:00,22.869
2019-09-01 18:00:00-04:00,21.503
2019-09-01 19:00:00-04:00,18.938
2019-09-01 20:00:00-04:00,17.753
2019-09-01 21:00:00-04:00,17.029
2019-09-01 22:00:00-04:00,16.491
2019-09-01 23:00:00-04:00,16.021
2019-09-02 00:00:00-04:00,15.759
2019-09-02 01:00:00-04:00,15.789
2019-09-02 02:00:00-04:00,15.71
2019-09-02 03:00:00-04:00,15.65
2019-09-02 04:00:00-04:00,15.714
2019-09-02 05:00:00-04:00,15.862
2019-09-02 06:00:00-04:00,16.089
2019-09-02 07:00:00-04:00,17.037
2019-09-02 08:00:00-04:00,18.443
2019-09-02 09:00:00-04:00,20.048
2019-09-02 10:00:00-04:00,21.154
2019-09-02 11:00:00-04:00,22.292
2019-09-02 12:00:00-04:00,22.989
2019-09-02 13:00:00-04:00,23.616
2019-09-02 14:00:00-04:00,23.867
2019-09-02 15:00:00-04:00,23.832
2019-09-02 16:00:00-04:00,23.479
2019-09-02 17:00:00-04:00,22.966
2019-09-02 18:00:00-04:00,22.216
2019-09-02 19:00:00-04:00,21.203
2019-09-02 20:00:00-04:00,20.626
2019-09-02 21:00:00-04:00,20.302
2019-09-02 22:00:00-04:00,20.138
2019-09-02 23:00:00-04:00,19.741
2019-09-03 00:00:00-04:00,19.332
2019-09-03 01:00:00-04:00,18.462
2019-09-03 02:00:00-04:00,17.516
2019-09-03 03:00:00-04:00,16.73
2019-09-03 04:00:00-04:00,15.932
2019-09-03 05:00:00-04:00,15.316
2019-09-03 06:00:00-04:00,15.261
2019-09-03 07:00:00-04:00,16.166
2019-09-03 08:00:00-04:00,17.996
2019-09-03 09:00:00-04:00,20.724
2019-09-03 10:00:00-04:00,23.333
2019-09-03 11:00:00-04:00,25.079
2019-09-03 12:00:00-04:00,26.251
2019-09-03 13:00:00-04:00,27.099
2019-09-03 14:00:00-04:00,27.383
2019-09-03 15:00:00-04:00,27.264
2019-09-03 16:00:00-04:00,27.055
2019-09-03 17:00:00-04:00,26.075
2019-09-03 18:00:00-04:00,23.62
2019-09-03 19:00:00-04:00,20.574
2019-09-03 20:00:00-04:00,19.393
2019-09-03 21:00:00-04:00,18.678
2019-09-03 22:00:00-04:00,18.137
2019-09-03 23:00:00-04:00,17.561
2019-09-04 00:00:00-04:00,17.053
2019-09-04 01:00:00-04:00,16.545
2019-09-04 02:00:00-04:00,16.452
2019-09-04 03:00:00-04:00,16.782
2019-09-04 04:00:00-04:00,16.925
2019-09-04 05:00:00-04:00,17.769
2019-09-04 06:00:00-04:00,18.764
2019-09-04 07:00:00-04:00,20.474
2019-09-04 08:00:00-04:00,22.102
2019-09-04 09:00:00-04:00,23.554
2019-09-04 10:00:00-04:00,25.255
2019-09-04 11:00:00-04:00,26.497
2019-09-04 12:00:00-04:00,27.341
2019-09-04 13:00:00-04:00,27.678
2019-09-04 14:00:00-04:00,27.732
2019-09-04 15:00:00-04:00,27.407
2019-09-04 16:00:00-04:00,26.787
2019-09-04 17:00:00-04:00,25.993
2019-09-04 18:00:00-04:00,24.564
2019-09-04 19:00:00-04:00,22.445
2019-09-04 20:00:00-04:00,21.513
2019-09-04 21:00:00-04:00,20.728
2019-09-04 22:00:00-04:00,19.636
2019-09-04 23:00:00-04:00,17.914
2019-09-05 00:00:00-04:00,16.587
2019-09-05 01:00:00-04:00,15.787
2019-09-05 02:00:00-04:00,15.145
2019-09-05 03:00:00-04:00,14.73
2019-09-05 04:00:00-04:00,14.333
2019-09-05 05:00:00-04:00,13.677
2019-09-05 06:00:00-04:00,13.142
2019-09-05 07:00:00-04:00,14.436
2019-09-05 08:00:00-04:00,16.304
2019-09-05 09:00:00-04:00,18.288
2019-09-05 10:00:00-04:00,20.169
2019-09-05 11:00:00-04:00,21.605
2019-09-05 12:00:00-04:00,22.587
2019-09-05 13:00:00-04:00,23.296
2019-09-05 14:00:00-04:00,23.548000000000002
2019-09-05 15:00:00-04:00,23.587
2019-09-05 16:00:00-04:00,23.318
2019-09-05 17:00:00-04:00,22.782
2019-09-05 18:00:00-04:00,20.579
2019-09-05 19:00:00-04:00,19.261
2019-09-05 20:00:00-04:00,18.171
2019-09-05 21:00:00-04:00,17.226
2019-09-05 22:00:00-04:00,16.477
2019-09-05 23:00:00-04:00,15.968
2019-09-06 00:00:00-04:00,15.517
2019-09-06 01:00:00-04:00,14.747
2019-09-06 02:00:00-04:00,13.696
2019-09-06 03:00:00-04:00,13.075
2019-09-06 04:00:00-04:00,12.999
2019-09-06 05:00:00-04:00,12.859
2019-09-06 06:00:00-04:00,12.666
2019-09-06 07:00:00-04:00,13.557
2019-09-06 08:00:00-04:00,14.911
2019-09-06 09:00:00-04:00,16.595
2019-09-06 10:00:00-04:00,17.783
2019-09-06 11:00:00-04:00,18.668
2019-09-06 12:00:00-04:00,19.247
2019-09-06 13:00:00-04:00,19.511
2019-09-06 14:00:00-04:00,19.079
2019-09-06 15:00:00-04:00,18.122
2019-09-06 16:00:00-04:00,17.176
2019-09-06 17:00:00-04:00,16.334
2019-09-06 18:00:00-04:00,15.573
2019-09-06 19:00:00-04:00,14.982
2019-09-06 20:00:00-04:00,14.725999999999999
2019-09-06 21:00:00-04:00,14.6
2019-09-06 22:00:00-04:00,14.479
2019-09-06 23:00:00-04:00,14.326
2019-09-07 00:00:00-04:00,14.157
2019-09-07 01:00:00-04:00,13.989
2019-09-07 02:00:00-04:00,13.829
2019-09-07 03:00:00-04:00,13.571
2019-09-07 04:00:00-04:00,13.159
2019-09-07 05:00:00-04:00,12.685
2019-09-07 06:00:00-04:00,12.296
2019-09-07 07:00:00-04:00,12.568
2019-09-07 08:00:00-04:00,13.927
2019-09-07 09:00:00-04:00,16.306
2019-09-07 10:00:00-04:00,18.67
2019-09-07 11:00:00-04:00,20.354
2019-09-07 12:00:00-04:00,21.57
2019-09-07 13:00:00-04:00,22.447
2019-09-07 14:00:00-04:00,22.966
2019-09-07 15:00:00-04:00,23.091
2019-09-07 16:00:00-04:00,22.751
2019-09-07 17:00:00-04:00,22.005
2019-09-07 18:00:00-04:00,20.262
2019-09-07 19:00:00-04:00,17.422
2019-09-07 20:00:00-04:00,16.729
2019-09-07 21:00:00-04:00,16.202
2019-09-07 22:00:00-04:00,15.739
2019-09-07 23:00:00-04:00,15.427
2019-09-08 00:00:00-04:00,14.941
2019-09-08 01:00:00-04:00,14.214
2019-09-08 02:00:00-04:00,13.754
2019-09-08 03:00:00-04:00,13.277
2019-09-08 04:00:00-04:00,12.862
2019-09-08 05:00:00-04:00,12.563
2019-09-08 06:00:00-04:00,12.307
2019-09-08 07:00:00-04:00,14.603
2019-09-08 08:00:00-04:00,17.402
2019-09-08 09:00:00-04:00,19.124
2019-09-08 10:00:00-04:00,19.586
2019-09-08 11:00:00-04:00,20.32
2019-09-08 12:00:00-04:00,21.485
2019-09-08 13:00:00-04:00,22.884
2019-09-08 14:00:00-04:00,23.666
2019-09-08 15:00:00-04:00,23.93
2019-09-08 16:00:00-04:00,23.606
2019-09-08 17:00:00-04:00,22.554
2019-09-08 18:00:00-04:00,20.385
2019-09-08 19:00:00-04:00,18.576999999999998
2019-09-08 20:00:00-04:00,17.105
2019-09-08 21:00:00-04:00,16.219
2019-09-08 22:00:00-04:00,15.553
2019-09-08 23:00:00-04:00,14.656
2019-09-09 00:00:00-04:00,13.945
2019-09-09 01:00:00-04:00,13.49
2019-09-09 02:00:00-04:00,13.201
2019-09-09 03:00:00-04:00,12.825
2019-09-09 04:00:00-04:00,12.455
2019-09-09 05:00:00-04:00,12.049
2019-09-09 06:00:00-04:00,11.943
2019-09-09 07:00:00-04:00,13.495
2019-09-09 08:00:00-04:00,16.191
2019-09-09 09:00:00-04:00,18.876
2019-09-09 10:00:00-04:00,20.783
2019-09-09 11:00:00-04:00,22.166
2019-09-09 12:00:00-04:00,22.965
2019-09-09 13:00:00-04:00,23.535
2019-09-09 14:00:00-04:00,23.682
2019-09-09 15:00:00-04:00,23.544
2019-09-09 16:00:00-04:00,23.358
2019-09-09 17:00:00-04:00,22.498
2019-09-09 18:00:00-04:00,20.886
2019-09-09 19:00:00-04:00,19.116
2019-09-09 20:00:00-04:00,18.303
2019-09-09 21:00:00-04:00,17.607
2019-09-09 22:00:00-04:00,16.931
2019-09-09 23:00:00-04:00,16.488
2019-09-10 00:00:00-04:00,16.126
2019-09-10 01:00:00-04:00,15.937
2019-09-10 02:00:00-04:00,15.973
2019-09-10 03:00:00-04:00,15.927
2019-09-10 04:00:00-04:00,15.78
2019-09-10 05:00:00-04:00,15.517
2019-09-10 06:00:00-04:00,15.222
2019-09-10 07:00:00-04:00,16.624
2019-09-10 08:00:00-04:00,18.836
2019-09-10 09:00:00-04:00,21.405
2019-09-10 10:00:00-04:00,23.236
2019-09-10 11:00:00-04:00,24.254
2019-09-10 12:00:00-04:00,24.747
2019-09-10 13:00:00-04:00,24.597
2019-09-10 14:00:00-04:00,24.587
2019-09-10 15:00:00-04:00,24.241
2019-09-10 16:00:00-04:00,23.753
2019-09-10 17:00:00-04:00,23.094
2019-09-10 18:00:00-04:00,22.056
2019-09-10 19:00:00-04:00,20.614
2019-09-10 20:00:00-04:00,19.598
2019-09-10 21:00:00-04:00,18.763
2019-09-10 22:00:00-04:00,18.268
2019-09-10 23:00:00-04:00,18.149
2019-09-11 00:00:00-04:00,18.31
2019-09-11 01:00:00-04:00,18.477
2019-09-11 02:00:00-04:00,18.805
2019-09-11 03:00:00-04:00,18.988
2019-09-11 04:00:00-04:00,19.061
2019-09-11 05:00:00-04:00,18.954
2019-09-11 06:00:00-04:00,18.879
2019-09-11 07:00:00-04:00,19.713
2019-09-11 08:00:00-04:00,21.065
2019-09-11 09:00:00-04:00,22.685
2019-09-11 10:00:00-04:00,24.297
2019-09-11 11:00:00-04:00,25.83
2019-09-11 12:00:00-04:00,27.123
2019-09-11 13:00:00-04:00,28.106
2019-09-11 14:00:00-04:00,28.907
2019-09-11 15:00:00-04:00,29.465
2019-09-11 16:00:00-04:00,29.626
2019-09-11 17:00:00-04:00,28.872
2019-09-11 18:00:00-04:00,26.441
2019-09-11 19:00:00-04:00,23.816
2019-09-11 20:00:00-04:00,22.722
2019-09-11 21:00:00-04:00,21.961
2019-09-11 22:00:00-04:00,21.182
2019-09-11 23:00:00-04:00,20.641
2019-09-12 00:00:00-04:00,20.345
2019-09-12 01:00:00-04:00,20.113
2019-09-12 02:00:00-04:00,20.025
2019-09-12 03:00:00-04:00,19.978
2019-09-12 04:00:00-04:00,19.852
2019-09-12 05:00:00-04:00,19.521
2019-09-12 06:00:00-04:00,19.208
2019-09-12 07:00:00-04:00,19.576
2019-09-12 08:00:00-04:00,20.145
2019-09-12 09:00:00-04:00,20.828
2019-09-12 10:00:00-04:00,21.711
2019-09-12 11:00:00-04:00,22.082
2019-09-12 12:00:00-04:00,22.099
2019-09-12 13:00:00-04:00,22.14
2019-09-12 14:00:00-04:00,21.676
2019-09-12 15:00:00-04:00,20.814
2019-09-12 16:00:00-04:00,20.271
2019-09-12 17:00:00-04:00,19.38
2019-09-12 18:00:00-04:00,18.103
2019-09-12 19:00:00-04:00,16.751
2019-09-12 20:00:00-04:00,15.905
2019-09-12 21:00:00-04:00,15.076
2019-09-12 22:00:00-04:00,14.148
2019-09-12 23:00:00-04:00,13.453
2019-09-13 00:00:00-04:00,13.051
2019-09-13 01:00:00-04:00,12.42
2019-09-13 02:00:00-04:00,11.818
2019-09-13 03:00:00-04:00,11.49
2019-09-13 04:00:00-04:00,11.239
2019-09-13 05:00:00-04:00,10.861
2019-09-13 06:00:00-04:00,10.637
2019-09-13 07:00:00-04:00,11.958
2019-09-13 08:00:00-04:00,13.817
2019-09-13 09:00:00-04:00,16.234
2019-09-13 10:00:00-04:00,18.343
2019-09-13 11:00:00-04:00,19.754
2019-09-13 12:00:00-04:00,20.879
2019-09-13 13:00:00-04:00,21.682
2019-09-13 14:00:00-04:00,22.011
2019-09-13 15:00:00-04:00,21.861
2019-09-13 16:00:00-04:00,21.203
2019-09-13 17:00:00-04:00,20.022
2019-09-13 18:00:00-04:00,17.898
2019-09-13 19:00:00-04:00,15.018
2019-09-13 20:00:00-04:00,13.841
2019-09-13 21:00:00-04:00,12.788
2019-09-13 22:00:00-04:00,11.959
2019-09-13 23:00:00-04:00,11.35
2019-09-14 00:00:00-04:00,11.102
2019-09-14 01:00:00-04:00,11.051
2019-09-14 02:00:00-04:00,11.426
2019-09-14 03:00:00-04:00,12.026
2019-09-14 04:00:00-04:00,12.75
2019-09-14 05:00:00-04:00,13.158
2019-09-14 06:00:00-04:00,13.492
2019-09-14 07:00:00-04:00,15.176
2019-09-14 08:00:00-04:00,17.67
2019-09-14 09:00:00-04:00,19.926
2019-09-14 10:00:00-04:00,21.574
2019-09-14 11:00:00-04:00,22.742
2019-09-14 12:00:00-04:00,23.502
2019-09-14 13:00:00-04:00,23.85
2019-09-14 14:00:00-04:00,23.876
2019-09-14 15:00:00-04:00,23.593
2019-09-14 16:00:00-04:00,22.955
2019-09-14 17:00:00-04:00,22.07
2019-09-14 18:00:00-04:00,20.98
2019-09-14 19:00:00-04:00,19.823
2019-09-14 20:00:00-04:00,19.121
2019-09-14 21:00:00-04:00,18.799
2019-09-14 22:00:00-04:00,18.566
2019-09-14 23:00:00-04:00,18.3
2019-09-15 00:00:00-04:00,18.108
2019-09-15 01:00:00-04:00,18.034
2019-09-15 02:00:00-04:00,17.978
2019-09-15 03:00:00-04:00,17.956
2019-09-15 04:00:00-04:00,17.696
2019-09-15 05:00:00-04:00,17.236
2019-09-15 06:00:00-04:00,16.516
2019-09-15 07:00:00-04:00,17.309
2019-09-15 08:00:00-04:00,18.274
2019-09-15 09:00:00-04:00,20.49
2019-09-15 10:00:00-04:00,22.165
2019-09-15 11:00:00-04:00,24.242
2019-09-15 12:00:00-04:00,25.288
2019-09-15 13:00:00-04:00,25.893
2019-09-15 14:00:00-04:00,26.202
2019-09-15 15:00:00-04:00,26.303
2019-09-15 16:00:00-04:00,25.98
2019-09-15 17:00:00-04:00,24.427
2019-09-15 18:00:00-04:00,21.915
2019-09-15 19:00:00-04:00,19.575
2019-09-15 20:00:00-04:00,18.711
2019-09-15 21:00:00-04:00,18.022
2019-09-15 22:00:00-04:00,17.3
2019-09-15 23:00:00-04:00,16.758
2019-09-16 00:00:00-04:00,16.412
2019-09-16 01:00:00-04:00,16.013
2019-09-16 02:00:00-04:00,15.619
2019-09-16 03:00:00-04:00,15.544
2019-09-16 04:00:00-04:00,15.38
2019-09-16 05:00:00-04:00,15.533
2019-09-16 06:00:00-04:00,15.322
2019-09-16 07:00:00-04:00,16.249
2019-09-16 08:00:00-04:00,17.724
2019-09-16 09:00:00-04:00,19.285
2019-09-16 10:00:00-04:00,21.034
2019-09-16 11:00:00-04:00,22.657
2019-09-16 12:00:00-04:00,23.945
2019-09-16 13:00:00-04:00,24.743
2019-09-16 14:00:00-04:00,25.073
2019-09-16 15:00:00-04:00,24.981
2019-09-16 16:00:00-04:00,24.427
2019-09-16 17:00:00-04:00,23.373
2019-09-16 18:00:00-04:00,20.603
2019-09-16 19:00:00-04:00,17.126
2019-09-16 20:00:00-04:00,16.329
2019-09-16 21:00:00-04:00,15.257
2019-09-16 22:00:00-04:00,14.182
2019-09-16 23:00:00-04:00,13.188
2019-09-17 00:00:00-04:00,12.557
2019-09-17 01:00:00-04:00,12.025
2019-09-17 02:00:00-04:00,11.617
2019-09-17 03:00:00-04:00,11.347
2019-09-17 04:00:00-04:00,10.967
2019-09-17 05:00:00-04:00,10.618
2019-09-17 06:00:00-04:00,10.334
2019-09-17 07:00:00-04:00,11.655
2019-09-17 08:00:00-04:00,14.788
2019-09-17 09:00:00-04:00,18.447
2019-09-17 10:00:00-04:00,20.297
2019-09-17 11:00:00-04:00,21.556
2019-09-17 12:00:00-04:00,22.452
2019-09-17 13:00:00-04:00,23.073
2019-09-17 14:00:00-04:00,23.369
2019-09-17 15:00:00-04:00,23.21
2019-09-17 16:00:00-04:00,22.598
2019-09-17 17:00:00-04:00,21.626
2019-09-17 18:00:00-04:00,18.534
2019-09-17 19:00:00-04:00,14.984
2019-09-17 20:00:00-04:00,14.298
2019-09-17 21:00:00-04:00,13.445
2019-09-17 22:00:00-04:00,12.648
2019-09-17 23:00:00-04:00,11.908
2019-09-18 00:00:00-04:00,11.353
2019-09-18 01:00:00-04:00,10.854
2019-09-18 02:00:00-04:00,10.334
2019-09-18 03:00:00-04:00,10.131
2019-09-18 04:00:00-04:00,10.166
2019-09-18 05:00:00-04:00,10.514
2019-09-18 06:00:00-04:00,10.887
2019-09-18 07:00:00-04:00,11.97
2019-09-18 08:00:00-04:00,13.850999999999999
2019-09-18 09:00:00-04:00,15.549
2019-09-18 10:00:00-04:00,17.045
2019-09-18 11:00:00-04:00,18.256
2019-09-18 12:00:00-04:00,19.099
2019-09-18 13:00:00-04:00,19.737
2019-09-18 14:00:00-04:00,20.009
2019-09-18 15:00:00-04:00,19.881
2019-09-18 16:00:00-04:00,19.303
2019-09-18 17:00:00-04:00,18.242
2019-09-18 18:00:00-04:00,15.663
2019-09-18 19:00:00-04:00,12.037
2019-09-18 20:00:00-04:00,11.48
2019-09-18 21:00:00-04:00,10.557
2019-09-18 22:00:00-04:00,9.292
2019-09-18 23:00:00-04:00,8.354
2019-09-19 00:00:00-04:00,7.611
2019-09-19 01:00:00-04:00,7.234
2019-09-19 02:00:00-04:00,6.619
2019-09-19 03:00:00-04:00,6.311
2019-09-19 04:00:00-04:00,6.122
2019-09-19 05:00:00-04:00,5.892
2019-09-19 06:00:00-04:00,5.445
2019-09-19 07:00:00-04:00,7.499
2019-09-19 08:00:00-04:00,10.787
2019-09-19 09:00:00-04:00,14.385
2019-09-19 10:00:00-04:00,16.714
2019-09-19 11:00:00-04:00,18.656
2019-09-19 12:00:00-04:00,20.198
2019-09-19 13:00:00-04:00,21.42
2019-09-19 14:00:00-04:00,22.184
2019-09-19 15:00:00-04:00,22.468
2019-09-19 16:00:00-04:00,22.511
2019-09-19 17:00:00-04:00,21.431
2019-09-19 18:00:00-04:00,18.273
2019-09-19 19:00:00-04:00,16.275
2019-09-19 20:00:00-04:00,15.256
2019-09-19 21:00:00-04:00,14.016
2019-09-19 22:00:00-04:00,12.627
2019-09-19 23:00:00-04:00,11.38
2019-09-20 00:00:00-04:00,10.337
2019-09-20 01:00:00-04:00,9.571
2019-09-20 02:00:00-04:00,8.908
2019-09-20 03:00:00-04:00,8.239
2019-09-20 04:00:00-04:00,7.98
2019-09-20 05:00:00-04:00,7.684
2019-09-20 06:00:00-04:00,7.037
2019-09-20 07:00:00-04:00,9.099
2019-09-20 08:00:00-04:00,12.19
2019-09-20 09:00:00-04:00,16.431
2019-09-20 10:00:00-04:00,20.447
2019-09-20 11:00:00-04:00,22.656
2019-09-20 12:00:00-04:00,24.295
2019-09-20 13:00:00-04:00,25.793
2019-09-20 14:00:00-04:00,26.776
2019-09-20 15:00:00-04:00,26.852
2019-09-20 16:00:00-04:00,25.88
2019-09-20 17:00:00-04:00,23.774
2019-09-20 18:00:00-04:00,20.342
2019-09-20 19:00:00-04:00,17.769
2019-09-20 20:00:00-04:00,16.745
2019-09-20 21:00:00-04:00,16.036
2019-09-20 22:00:00-04:00,15.316
2019-09-20 23:00:00-04:00,14.656
2019-09-21 00:00:00-04:00,14.23
2019-09-21 01:00:00-04:00,14.023
2019-09-21 02:00:00-04:00,13.717
2019-09-21 03:00:00-04:00,13.518
2019-09-21 04:00:00-04:00,13.205
2019-09-21 05:00:00-04:00,12.935
2019-09-21 06:00:00-04:00,12.743
2019-09-21 07:00:00-04:00,14.486
2019-09-21 08:00:00-04:00,17.251
2019-09-21 09:00:00-04:00,21.553
2019-09-21 10:00:00-04:00,26.084
2019-09-21 11:00:00-04:00,28.389
2019-09-21 12:00:00-04:00,29.599
2019-09-21 13:00:00-04:00,30.26
2019-09-21 14:00:00-04:00,30.615
2019-09-21 15:00:00-04:00,30.512
2019-09-21 16:00:00-04:00,29.703
2019-09-21 17:00:00-04:00,28.133
2019-09-21 18:00:00-04:00,23.908
2019-09-21 19:00:00-04:00,20.807
2019-09-21 20:00:00-04:00,19.355
2019-09-21 21:00:00-04:00,17.985
2019-09-21 22:00:00-04:00,16.794
2019-09-21 23:00:00-04:00,16.009
2019-09-22 00:00:00-04:00,15.338
2019-09-22 01:00:00-04:00,14.877
2019-09-22 02:00:00-04:00,14.646
2019-09-22 03:00:00-04:00,14.481
2019-09-22 04:00:00-04:00,14.181
2019-09-22 05:00:00-04:00,13.805
2019-09-22 06:00:00-04:00,13.38
2019-09-22 07:00:00-04:00,14.828
2019-09-22 08:00:00-04:00,18.442
2019-09-22 09:00:00-04:00,22.037
2019-09-22 10:00:00-04:00,25.858
2019-09-22 11:00:00-04:00,27.742
2019-09-22 12:00:00-04:00,28.755
2019-09-22 13:00:00-04:00,29.466
2019-09-22 14:00:00-04:00,29.78
2019-09-22 15:00:00-04:00,29.643
2019-09-22 16:00:00-04:00,28.953
2019-09-22 17:00:00-04:00,27.389
2019-09-22 18:00:00-04:00,24.492
2019-09-22 19:00:00-04:00,22.032
2019-09-22 20:00:00-04:00,21.014
2019-09-22 21:00:00-04:00,20.183
2019-09-22 22:00:00-04:00,19.68
2019-09-22 23:00:00-04:00,19.497
2019-09-23 00:00:00-04:00,19.466
2019-09-23 01:00:00-04:00,19.426
2019-09-23 02:00:00-04:00,19.399
2019-09-23 03:00:00-04:00,19.386
2019-09-23 04:00:00-04:00,19.401
2019-09-23 05:00:00-04:00,19.361
2019-09-23 06:00:00-04:00,19.111
2019-09-23 07:00:00-04:00,19.833
2019-09-23 08:00:00-04:00,21.926
2019-09-23 09:00:00-04:00,24.581
2019-09-23 10:00:00-04:00,27.013
2019-09-23 11:00:00-04:00,28.798000000000002
2019-09-23 12:00:00-04:00,29.791
2019-09-23 13:00:00-04:00,30.23
2019-09-23 14:00:00-04:00,30.147
2019-09-23 15:00:00-04:00,29.781
2019-09-23 16:00:00-04:00,29.141
2019-09-23 17:00:00-04:00,27.794
2019-09-23 18:00:00-04:00,25.75
2019-09-23 19:00:00-04:00,24.068
2019-09-23 20:00:00-04:00,23.126
2019-09-23 21:00:00-04:00,22.443
2019-09-23 22:00:00-04:00,21.52
2019-09-23 23:00:00-04:00,20.547
2019-09-24 00:00:00-04:00,19.849
2019-09-24 01:00:00-04:00,19.238
2019-09-24 02:00:00-04:00,18.339
2019-09-24 03:00:00-04:00,17.027
2019-09-24 04:00:00-04:00,16.66
2019-09-24 05:00:00-04:00,16.324
2019-09-24 06:00:00-04:00,15.871
2019-09-24 07:00:00-04:00,16.523
2019-09-24 08:00:00-04:00,17.902
2019-09-24 09:00:00-04:00,19.921
2019-09-24 10:00:00-04:00,22.012
2019-09-24 11:00:00-04:00,23.178
2019-09-24 12:00:00-04:00,23.889
2019-09-24 13:00:00-04:00,24.298
2019-09-24 14:00:00-04:00,24.456
2019-09-24 15:00:00-04:00,24.376
2019-09-24 16:00:00-04:00,23.564
2019-09-24 17:00:00-04:00,22.284
2019-09-24 18:00:00-04:00,20.629
2019-09-24 19:00:00-04:00,18.815
2019-09-24 20:00:00-04:00,17.461
2019-09-24 21:00:00-04:00,16.314
2019-09-24 22:00:00-04:00,14.886
2019-09-24 23:00:00-04:00,13.956
2019-09-25 00:00:00-04:00,13.482
2019-09-25 01:00:00-04:00,12.912
2019-09-25 02:00:00-04:00,12.352
2019-09-25 03:00:00-04:00,11.875
2019-09-25 04:00:00-04:00,11.415
2019-09-25 05:00:00-04:00,11.015
2019-09-25 06:00:00-04:00,10.598
2019-09-25 07:00:00-04:00,11.736
2019-09-25 08:00:00-04:00,14.794
2019-09-25 09:00:00-04:00,18.119
2019-09-25 10:00:00-04:00,20.032
2019-09-25 11:00:00-04:00,21.534
2019-09-25 12:00:00-04:00,22.809
2019-09-25 13:00:00-04:00,23.82
2019-09-25 14:00:00-04:00,24.46
2019-09-25 15:00:00-04:00,24.756
2019-09-25 16:00:00-04:00,24.765
2019-09-25 17:00:00-04:00,23.628
2019-09-25 18:00:00-04:00,20.799
2019-09-25 19:00:00-04:00,18.346
2019-09-25 20:00:00-04:00,16.863
2019-09-25 21:00:00-04:00,15.749
2019-09-25 22:00:00-04:00,14.889
2019-09-25 23:00:00-04:00,14.357
2019-09-26 00:00:00-04:00,14.089
2019-09-26 01:00:00-04:00,13.85
2019-09-26 02:00:00-04:00,13.655
2019-09-26 03:00:00-04:00,13.48
2019-09-26 04:00:00-04:00,13.288
2019-09-26 05:00:00-04:00,13.097
2019-09-26 06:00:00-04:00,12.875
2019-09-26 07:00:00-04:00,14.691
2019-09-26 08:00:00-04:00,17.562
2019-09-26 09:00:00-04:00,21.106
2019-09-26 10:00:00-04:00,23.878
2019-09-26 11:00:00-04:00,25.313
2019-09-26 12:00:00-04:00,25.873
2019-09-26 13:00:00-04:00,26.186
2019-09-26 14:00:00-04:00,25.844
2019-09-26 15:00:00-04:00,25.013
2019-09-26 16:00:00-04:00,23.785
2019-09-26 17:00:00-04:00,21.788
2019-09-26 18:00:00-04:00,19.809
2019-09-26 19:00:00-04:00,18.14
2019-09-26 20:00:00-04:00,16.783
2019-09-26 21:00:00-04:00,15.546
2019-09-26 22:00:00-04:00,14.489
2019-09-26 23:00:00-04:00,13.705
2019-09-27 00:00:00-04:00,13.301
2019-09-27 01:00:00-04:00,12.931000000000001
2019-09-27 02:00:00-04:00,13.185
2019-09-27 03:00:00-04:00,13.186
2019-09-27 04:00:00-04:00,12.732
2019-09-27 05:00:00-04:00,11.759
2019-09-27 06:00:00-04:00,10.811
2019-09-27 07:00:00-04:00,11.431
2019-09-27 08:00:00-04:00,13.083
2019-09-27 09:00:00-04:00,15.688
2019-09-27 10:00:00-04:00,19.008
2019-09-27 11:00:00-04:00,21.169
2019-09-27 12:00:00-04:00,22.512
2019-09-27 13:00:00-04:00,23.398
2019-09-27 14:00:00-04:00,23.831
2019-09-27 15:00:00-04:00,23.996
2019-09-27 16:00:00-04:00,23.748
2019-09-27 17:00:00-04:00,22.293
2019-09-27 18:00:00-04:00,18.128
2019-09-27 19:00:00-04:00,15.687
2019-09-27 20:00:00-04:00,15.784
2019-09-27 21:00:00-04:00,15.391
2019-09-27 22:00:00-04:00,14.928
2019-09-27 23:00:00-04:00,14.798
2019-09-28 00:00:00-04:00,14.279
2019-09-28 01:00:00-04:00,13.355
2019-09-28 02:00:00-04:00,12.924
2019-09-28 03:00:00-04:00,13.009
2019-09-28 04:00:00-04:00,13.336
2019-09-28 05:00:00-04:00,13.463
2019-09-28 06:00:00-04:00,13.613
2019-09-28 07:00:00-04:00,15.186
2019-09-28 08:00:00-04:00,18.07
2019-09-28 09:00:00-04:00,20.735
2019-09-28 10:00:00-04:00,22.937
2019-09-28 11:00:00-04:00,24.543
2019-09-28 12:00:00-04:00,25.72
2019-09-28 13:00:00-04:00,26.522
2019-09-28 14:00:00-04:00,26.875
2019-09-28 15:00:00-04:00,26.645
2019-09-28 16:00:00-04:00,25.865
2019-09-28 17:00:00-04:00,24.569
2019-09-28 18:00:00-04:00,22.68
2019-09-28 19:00:00-04:00,21.016
2019-09-28 20:00:00-04:00,20.087
2019-09-28 21:00:00-04:00,19.51
2019-09-28 22:00:00-04:00,19.043
2019-09-28 23:00:00-04:00,18.869
2019-09-29 00:00:00-04:00,18.827
2019-09-29 01:00:00-04:00,18.404
2019-09-29 02:00:00-04:00,18.109
2019-09-29 03:00:00-04:00,17.913
2019-09-29 04:00:00-04:00,17.875
2019-09-29 05:00:00-04:00,17.594
2019-09-29 06:00:00-04:00,17.103
2019-09-29 07:00:00-04:00,17.164
2019-09-29 08:00:00-04:00,18.668
2019-09-29 09:00:00-04:00,20.296
2019-09-29 10:00:00-04:00,21.653
2019-09-29 11:00:00-04:00,22.72
2019-09-29 12:00:00-04:00,23.601
2019-09-29 13:00:00-04:00,24.241
2019-09-29 14:00:00-04:00,24.514
2019-09-29 15:00:00-04:00,24.368
2019-09-29 16:00:00-04:00,23.701
2019-09-29 17:00:00-04:00,22.039
2019-09-29 18:00:00-04:00,18.934
2019-09-29 19:00:00-04:00,17.301
2019-09-29 20:00:00-04:00,16.516
2019-09-29 21:00:00-04:00,15.714
2019-09-29 22:00:00-04:00,15.051
2019-09-29 23:00:00-04:00,14.342
2019-09-30 00:00:00-04:00,13.814
2019-09-30 01:00:00-04:00,13.029
2019-09-30 02:00:00-04:00,12.297
2019-09-30 03:00:00-04:00,11.489
2019-09-30 04:00:00-04:00,10.616
2019-09-30 05:00:00-04:00,9.97
2019-09-30 06:00:00-04:00,9.327
2019-09-30 07:00:00-04:00,9.502
2019-09-30 08:00:00-04:00,11.779
2019-09-30 09:00:00-04:00,14.673
2019-09-30 10:00:00-04:00,17.043
2019-09-30 11:00:00-04:00,18.846
2019-09-30 12:00:00-04:00,20.219
2019-09-30 13:00:00-04:00,21.22
2019-09-30 14:00:00-04:00,21.738
2019-09-30 15:00:00-04:00,21.72
2019-09-30 16:00:00-04:00,21.163
2019-09-30 17:00:00-04:00,19.974
2019-09-30 18:00:00-04:00,17.08
2019-09-30 19:00:00-04:00,15.323
2019-09-30 20:00:00-04:00,14.843
2019-09-30 21:00:00-04:00,14.114
2019-09-30 22:00:00-04:00,13.893
2019-09-30 23:00:00-04:00,13.728
2019-10-01 00:00:00-04:00,13.727
2019-10-01 01:00:00-04:00,13.741
2019-10-01 02:00:00-04:00,13.725999999999999
2019-10-01 03:00:00-04:00,13.724
2019-10-01 04:00:00-04:00,13.838
2019-10-01 05:00:00-04:00,14.039
2019-10-01 06:00:00-04:00,14.175
2019-10-01 07:00:00-04:00,14.427
2019-10-01 08:00:00-04:00,15.162
2019-10-01 09:00:00-04:00,16.109
2019-10-01 10:00:00-04:00,17.352
2019-10-01 11:00:00-04:00,18.927
2019-10-01 12:00:00-04:00,21.161
2019-10-01 13:00:00-04:00,23.152
2019-10-01 14:00:00-04:00,24.686
2019-10-01 15:00:00-04:00,25.416
2019-10-01 16:00:00-04:00,25.636
2019-10-01 17:00:00-04:00,24.811
2019-10-01 18:00:00-04:00,22.782
2019-10-01 19:00:00-04:00,21.227
2019-10-01 20:00:00-04:00,20.453
2019-10-01 21:00:00-04:00,19.901
2019-10-01 22:00:00-04:00,19.619
2019-10-01 23:00:00-04:00,19.565
2019-10-02 00:00:00-04:00,19.749
2019-10-02 01:00:00-04:00,19.911
2019-10-02 02:00:00-04:00,20.002
2019-10-02 03:00:00-04:00,19.79
2019-10-02 04:00:00-04:00,19.46
2019-10-02 05:00:00-04:00,19.131
2019-10-02 06:00:00-04:00,19.007
2019-10-02 07:00:00-04:00,19.367
2019-10-02 08:00:00-04:00,20.944
2019-10-02 09:00:00-04:00,22.77
2019-10-02 10:00:00-04:00,25.131
2019-10-02 11:00:00-04:00,27.206
2019-10-02 12:00:00-04:00,28.662
2019-10-02 13:00:00-04:00,29.18
2019-10-02 14:00:00-04:00,28.681
2019-10-02 15:00:00-04:00,26.923000000000002
2019-10-02 16:00:00-04:00,24.934
2019-10-02 17:00:00-04:00,23.322
2019-10-02 18:00:00-04:00,21.823
2019-10-02 19:00:00-04:00,20.366
2019-10-02 20:00:00-04:00,18.811
2019-10-02 21:00:00-04:00,17.2
2019-10-02 22:00:00-04:00,15.785
2019-10-02 23:00:00-04:00,14.605
2019-10-03 00:00:00-04:00,13.613
2019-10-03 01:00:00-04:00,12.632
2019-10-03 02:00:00-04:00,11.702
2019-10-03 03:00:00-04:00,10.91
2019-10-03 04:00:00-04:00,10.162
2019-10-03 05:00:00-04:00,9.598
2019-10-03 06:00:00-04:00,9.123
2019-10-03 07:00:00-04:00,8.968
2019-10-03 08:00:00-04:00,9.732
2019-10-03 09:00:00-04:00,11.019
2019-10-03 10:00:00-04:00,12.221
2019-10-03 11:00:00-04:00,12.827
2019-10-03 12:00:00-04:00,12.784
2019-10-03 13:00:00-04:00,12.673
2019-10-03 14:00:00-04:00,12.359
2019-10-03 15:00:00-04:00,11.829
2019-10-03 16:00:00-04:00,11.102
2019-10-03 17:00:00-04:00,10.59
2019-10-03 18:00:00-04:00,10.269
2019-10-03 19:00:00-04:00,10.084
2019-10-03 20:00:00-04:00,10.174
2019-10-03 21:00:00-04:00,10.38
2019-10-03 22:00:00-04:00,10.584
2019-10-03 23:00:00-04:00,10.665
2019-10-04 00:00:00-04:00,10.779
2019-10-04 01:00:00-04:00,11.049
2019-10-04 02:00:00-04:00,11.514
2019-10-04 03:00:00-04:00,11.839
2019-10-04 04:00:00-04:00,11.658
2019-10-04 05:00:00-04:00,11.34
2019-10-04 06:00:00-04:00,11.262
2019-10-04 07:00:00-04:00,11.165
2019-10-04 08:00:00-04:00,11.888
2019-10-04 09:00:00-04:00,12.623
2019-10-04 10:00:00-04:00,14.345
2019-10-04 11:00:00-04:00,15.606
2019-10-04 12:00:00-04:00,16.223
2019-10-04 13:00:00-04:00,16.565
2019-10-04 14:00:00-04:00,16.632
2019-10-04 15:00:00-04:00,16.366
2019-10-04 16:00:00-04:00,15.701
2019-10-04 17:00:00-04:00,14.503
2019-10-04 18:00:00-04:00,12.624
2019-10-04 19:00:00-04:00,11.142
2019-10-04 20:00:00-04:00,10.16
2019-10-04 21:00:00-04:00,9.274000000000001
2019-10-04 22:00:00-04:00,8.442
2019-10-04 23:00:00-04:00,7.689
2019-10-05 00:00:00-04:00,7.043
2019-10-05 01:00:00-04:00,6.408
2019-10-05 02:00:00-04:00,5.697
2019-10-05 03:00:00-04:00,4.97
2019-10-05 04:00:00-04:00,4.061
2019-10-05 05:00:00-04:00,3.409
2019-10-05 06:00:00-04:00,2.969
2019-10-05 07:00:00-04:00,3.218
2019-10-05 08:00:00-04:00,5.888
2019-10-05 09:00:00-04:00,9.144
2019-10-05 10:00:00-04:00,11.534
2019-10-05 11:00:00-04:00,13.38
2019-10-05 12:00:00-04:00,14.869
2019-10-05 13:00:00-04:00,15.98
2019-10-05 14:00:00-04:00,16.545
2019-10-05 15:00:00-04:00,16.548000000000002
2019-10-05 16:00:00-04:00,15.935
2019-10-05 17:00:00-04:00,14.548
2019-10-05 18:00:00-04:00,10.188
2019-10-05 19:00:00-04:00,8.144
2019-10-05 20:00:00-04:00,7.865
2019-10-05 21:00:00-04:00,7.201
2019-10-05 22:00:00-04:00,6.309
2019-10-05 23:00:00-04:00,5.886
2019-10-06 00:00:00-04:00,5.9190000000000005
2019-10-06 01:00:00-04:00,5.969
2019-10-06 02:00:00-04:00,5.9
2019-10-06 03:00:00-04:00,6.979
2019-10-06 04:00:00-04:00,8.592
2019-10-06 05:00:00-04:00,9.488
2019-10-06 06:00:00-04:00,10.521
2019-10-06 07:00:00-04:00,11.49
2019-10-06 08:00:00-04:00,13.438
2019-10-06 09:00:00-04:00,15.850999999999999
2019-10-06 10:00:00-04:00,17.649
2019-10-06 11:00:00-04:00,18.43
2019-10-06 12:00:00-04:00,18.803
2019-10-06 13:00:00-04:00,19.238
2019-10-06 14:00:00-04:00,19.604
2019-10-06 15:00:00-04:00,19.649
2019-10-06 16:00:00-04:00,19.375
2019-10-06 17:00:00-04:00,18.864
2019-10-06 18:00:00-04:00,18.248
2019-10-06 19:00:00-04:00,18.004
2019-10-06 20:00:00-04:00,18.086
2019-10-06 21:00:00-04:00,18.218
2019-10-06 22:00:00-04:00,18.243
2019-10-06 23:00:00-04:00,18.159
2019-10-07 00:00:00-04:00,18.019
2019-10-07 01:00:00-04:00,17.86
2019-10-07 02:00:00-04:00,17.752
2019-10-07 03:00:00-04:00,17.72
2019-10-07 04:00:00-04:00,17.79
2019-10-07 05:00:00-04:00,17.969
2019-10-07 06:00:00-04:00,18.149
2019-10-07 07:00:00-04:00,18.297
2019-10-07 08:00:00-04:00,18.825
2019-10-07 09:00:00-04:00,19.807
2019-10-07 10:00:00-04:00,21.467
2019-10-07 11:00:00-04:00,22.687
2019-10-07 12:00:00-04:00,23.34
2019-10-07 13:00:00-04:00,23.773
2019-10-07 14:00:00-04:00,23.93
2019-10-07 15:00:00-04:00,23.742
2019-10-07 16:00:00-04:00,23.099
2019-10-07 17:00:00-04:00,21.828
2019-10-07 18:00:00-04:00,20.028
2019-10-07 19:00:00-04:00,18.801
2019-10-07 20:00:00-04:00,17.893
2019-10-07 21:00:00-04:00,17.135
2019-10-07 22:00:00-04:00,16.223
2019-10-07 23:00:00-04:00,15.306
2019-10-08 00:00:00-04:00,14.288
2019-10-08 01:00:00-04:00,13.325
2019-10-08 02:00:00-04:00,12.728
2019-10-08 03:00:00-04:00,12.551
2019-10-08 04:00:00-04:00,12.542
2019-10-08 05:00:00-04:00,12.585
2019-10-08 06:00:00-04:00,12.563
2019-10-08 07:00:00-04:00,12.636
2019-10-08 08:00:00-04:00,13.13
2019-10-08 09:00:00-04:00,13.783
2019-10-08 10:00:00-04:00,14.514
2019-10-08 11:00:00-04:00,15.538
2019-10-08 12:00:00-04:00,16.695
2019-10-08 13:00:00-04:00,17.441
2019-10-08 14:00:00-04:00,17.771
2019-10-08 15:00:00-04:00,17.752
2019-10-08 16:00:00-04:00,17.136
2019-10-08 17:00:00-04:00,15.886
2019-10-08 18:00:00-04:00,14.08
2019-10-08 19:00:00-04:00,13.371
2019-10-08 20:00:00-04:00,12.993
2019-10-08 21:00:00-04:00,12.263
2019-10-08 22:00:00-04:00,11.568
2019-10-08 23:00:00-04:00,11.129
2019-10-09 00:00:00-04:00,10.722
2019-10-09 01:00:00-04:00,10.578
2019-10-09 02:00:00-04:00,10.532
2019-10-09 03:00:00-04:00,10.492
2019-10-09 04:00:00-04:00,10.364
2019-10-09 05:00:00-04:00,10.267
2019-10-09 06:00:00-04:00,10.277
2019-10-09 07:00:00-04:00,10.473
2019-10-09 08:00:00-04:00,11.29
2019-10-09 09:00:00-04:00,12.325
2019-10-09 10:00:00-04:00,13.323
2019-10-09 11:00:00-04:00,14.037
2019-10-09 12:00:00-04:00,14.124
2019-10-09 13:00:00-04:00,13.94
2019-10-09 14:00:00-04:00,13.591
2019-10-09 15:00:00-04:00,13.042
2019-10-09 16:00:00-04:00,12.392
2019-10-09 17:00:00-04:00,11.687
2019-10-09 18:00:00-04:00,11.064
2019-10-09 19:00:00-04:00,10.724
2019-10-09 20:00:00-04:00,10.473
2019-10-09 21:00:00-04:00,10.235
2019-10-09 22:00:00-04:00,10.026
2019-10-09 23:00:00-04:00,9.964
2019-10-10 00:00:00-04:00,10.079
2019-10-10 01:00:00-04:00,10.22
2019-10-10 02:00:00-04:00,10.273
2019-10-10 03:00:00-04:00,10.266
2019-10-10 04:00:00-04:00,10.217
2019-10-10 05:00:00-04:00,10.15
2019-10-10 06:00:00-04:00,10.021
2019-10-10 07:00:00-04:00,10.018
2019-10-10 08:00:00-04:00,10.982
2019-10-10 09:00:00-04:00,12.252
2019-10-10 10:00:00-04:00,13.449
2019-10-10 11:00:00-04:00,14.417
2019-10-10 12:00:00-04:00,15.128
2019-10-10 13:00:00-04:00,15.528
2019-10-10 14:00:00-04:00,15.621
2019-10-10 15:00:00-04:00,15.425
2019-10-10 16:00:00-04:00,14.898
2019-10-10 17:00:00-04:00,14.179
2019-10-10 18:00:00-04:00,13.34
2019-10-10 19:00:00-04:00,12.699
2019-10-10 20:00:00-04:00,12.239
2019-10-10 21:00:00-04:00,11.893
2019-10-10 22:00:00-04:00,11.658
2019-10-10 23:00:00-04:00,11.511
2019-10-11 00:00:00-04:00,11.317
2019-10-11 01:00:00-04:00,10.948
2019-10-11 02:00:00-04:00,10.655
2019-10-11 03:00:00-04:00,10.618
2019-10-11 04:00:00-04:00,10.738
2019-10-11 05:00:00-04:00,10.734
2019-10-11 06:00:00-04:00,10.509
2019-10-11 07:00:00-04:00,10.399000000000001
2019-10-11 08:00:00-04:00,11.213
2019-10-11 09:00:00-04:00,12.494
2019-10-11 10:00:00-04:00,13.958
2019-10-11 11:00:00-04:00,15.371
2019-10-11 12:00:00-04:00,16.325
2019-10-11 13:00:00-04:00,16.405
2019-10-11 14:00:00-04:00,15.792
2019-10-11 15:00:00-04:00,15.114
2019-10-11 16:00:00-04:00,14.525
2019-10-11 17:00:00-04:00,13.73
2019-10-11 18:00:00-04:00,12.769
2019-10-11 19:00:00-04:00,12.157
2019-10-11 20:00:00-04:00,11.692
2019-10-11 21:00:00-04:00,11.278
2019-10-11 22:00:00-04:00,10.953
2019-10-11 23:00:00-04:00,10.751
2019-10-12 00:00:00-04:00,10.667
2019-10-12 01:00:00-04:00,10.585
2019-10-12 02:00:00-04:00,10.481
2019-10-12 03:00:00-04:00,10.36
2019-10-12 04:00:00-04:00,10.22
2019-10-12 05:00:00-04:00,10.1
2019-10-12 06:00:00-04:00,10.032
2019-10-12 07:00:00-04:00,10.126
2019-10-12 08:00:00-04:00,11.079
2019-10-12 09:00:00-04:00,12.364
2019-10-12 10:00:00-04:00,13.572
2019-10-12 11:00:00-04:00,14.681000000000001
2019-10-12 12:00:00-04:00,16.099
2019-10-12 13:00:00-04:00,17.288
2019-10-12 14:00:00-04:00,17.595
2019-10-12 15:00:00-04:00,17.22
2019-10-12 16:00:00-04:00,16.931
2019-10-12 17:00:00-04:00,16.329
2019-10-12 18:00:00-04:00,14.864
2019-10-12 19:00:00-04:00,14.384
2019-10-12 20:00:00-04:00,13.881
2019-10-12 21:00:00-04:00,13.274000000000001
2019-10-12 22:00:00-04:00,12.556000000000001
2019-10-12 23:00:00-04:00,11.795
2019-10-13 00:00:00-04:00,11.027
2019-10-13 01:00:00-04:00,10.65
2019-10-13 02:00:00-04:00,10.654
2019-10-13 03:00:00-04:00,10.35
2019-10-13 04:00:00-04:00,9.861
2019-10-13 05:00:00-04:00,9.303
2019-10-13 06:00:00-04:00,8.827
2019-10-13 07:00:00-04:00,8.484
2019-10-13 08:00:00-04:00,9.868
2019-10-13 09:00:00-04:00,12.035
2019-10-13 10:00:00-04:00,14.149
2019-10-13 11:00:00-04:00,16.043
2019-10-13 12:00:00-04:00,17.692
2019-10-13 13:00:00-04:00,18.838
2019-10-13 14:00:00-04:00,19.246
2019-10-13 15:00:00-04:00,19.237
2019-10-13 16:00:00-04:00,18.625
2019-10-13 17:00:00-04:00,16.583
2019-10-13 18:00:00-04:00,13.858
2019-10-13 19:00:00-04:00,12.313
2019-10-13 20:00:00-04:00,11.724
2019-10-13 21:00:00-04:00,10.096
2019-10-13 22:00:00-04:00,9.303
2019-10-13 23:00:00-04:00,9.183
2019-10-14 00:00:00-04:00,9.072
2019-10-14 01:00:00-04:00,9.331
2019-10-14 02:00:00-04:00,9.052
2019-10-14 03:00:00-04:00,9.109
2019-10-14 04:00:00-04:00,9.482
2019-10-14 05:00:00-04:00,9.355
2019-10-14 06:00:00-04:00,8.811
2019-10-14 07:00:00-04:00,9.253
2019-10-14 08:00:00-04:00,11.9
2019-10-14 09:00:00-04:00,14.419
2019-10-14 10:00:00-04:00,16.704
2019-10-14 11:00:00-04:00,18.4
2019-10-14 12:00:00-04:00,19.867
2019-10-14 13:00:00-04:00,21.16
2019-10-14 14:00:00-04:00,21.758
2019-10-14 15:00:00-04:00,21.644
2019-10-14 16:00:00-04:00,20.951
2019-10-14 17:00:00-04:00,18.916
2019-10-14 18:00:00-04:00,14.462
2019-10-14 19:00:00-04:00,13.398
2019-10-14 20:00:00-04:00,13.201
2019-10-14 21:00:00-04:00,12.53
2019-10-14 22:00:00-04:00,11.846
2019-10-14 23:00:00-04:00,11.339
2019-10-15 00:00:00-04:00,10.142
2019-10-15 01:00:00-04:00,9.267
2019-10-15 02:00:00-04:00,8.618
2019-10-15 03:00:00-04:00,7.773
2019-10-15 04:00:00-04:00,6.987
2019-10-15 05:00:00-04:00,6.346
2019-10-15 06:00:00-04:00,5.703
2019-10-15 07:00:00-04:00,5.664
2019-10-15 08:00:00-04:00,8.537
2019-10-15 09:00:00-04:00,11.544
2019-10-15 10:00:00-04:00,13.333
2019-10-15 11:00:00-04:00,14.721
2019-10-15 12:00:00-04:00,15.875
2019-10-15 13:00:00-04:00,16.734
2019-10-15 14:00:00-04:00,17.224
2019-10-15 15:00:00-04:00,17.256
2019-10-15 16:00:00-04:00,16.773
2019-10-15 17:00:00-04:00,15.08
2019-10-15 18:00:00-04:00,12.459
2019-10-15 19:00:00-04:00,11.065
2019-10-15 20:00:00-04:00,9.847
2019-10-15 21:00:00-04:00,8.698
2019-10-15 22:00:00-04:00,7.904
2019-10-15 23:00:00-04:00,7.464
2019-10-16 00:00:00-04:00,6.994
2019-10-16 01:00:00-04:00,6.291
2019-10-16 02:00:00-04:00,5.929
2019-10-16 03:00:00-04:00,5.823
2019-10-16 04:00:00-04:00,5.5600000000000005
2019-10-16 05:00:00-04:00,5.413
2019-10-16 06:00:00-04:00,5.573
2019-10-16 07:00:00-04:00,6.256
2019-10-16 08:00:00-04:00,9.797
2019-10-16 09:00:00-04:00,12.794
2019-10-16 10:00:00-04:00,15.404
2019-10-16 11:00:00-04:00,17.118
2019-10-16 12:00:00-04:00,17.896
2019-10-16 13:00:00-04:00,17.803
2019-10-16 14:00:00-04:00,17.11
2019-10-16 15:00:00-04:00,16.167
2019-10-16 16:00:00-04:00,15.048
2019-10-16 17:00:00-04:00,14.327
2019-10-16 18:00:00-04:00,14.167
2019-10-16 19:00:00-04:00,14.298
2019-10-16 20:00:00-04:00,14.253
2019-10-16 21:00:00-04:00,14.095
2019-10-16 22:00:00-04:00,13.983
2019-10-16 23:00:00-04:00,13.868
2019-10-17 00:00:00-04:00,14.115
2019-10-17 01:00:00-04:00,14.023
2019-10-17 02:00:00-04:00,12.808
2019-10-17 03:00:00-04:00,9.987
2019-10-17 04:00:00-04:00,8.375
2019-10-17 05:00:00-04:00,7.861
2019-10-17 06:00:00-04:00,8.317
2019-10-17 07:00:00-04:00,8.651
2019-10-17 08:00:00-04:00,9.061
2019-10-17 09:00:00-04:00,9.604
2019-10-17 10:00:00-04:00,10.194
2019-10-17 11:00:00-04:00,10.55
2019-10-17 12:00:00-04:00,10.647
2019-10-17 13:00:00-04:00,11.219
2019-10-17 14:00:00-04:00,11.861
2019-10-17 15:00:00-04:00,11.598
2019-10-17 16:00:00-04:00,11.227
2019-10-17 17:00:00-04:00,10.886
2019-10-17 18:00:00-04:00,10.455
2019-10-17 19:00:00-04:00,10.232
2019-10-17 20:00:00-04:00,10.17
2019-10-17 21:00:00-04:00,10.147
2019-10-17 22:00:00-04:00,10.108
2019-10-17 23:00:00-04:00,9.975999999999999
2019-10-18 00:00:00-04:00,9.725999999999999
2019-10-18 01:00:00-04:00,9.466
2019-10-18 02:00:00-04:00,9.143
2019-10-18 03:00:00-04:00,8.646
2019-10-18 04:00:00-04:00,8.152
2019-10-18 05:00:00-04:00,7.747
2019-10-18 06:00:00-04:00,7.459
2019-10-18 07:00:00-04:00,7.306
2019-10-18 08:00:00-04:00,8.203
2019-10-18 09:00:00-04:00,9.578
2019-10-18 10:00:00-04:00,11.005
2019-10-18 11:00:00-04:00,12.213
2019-10-18 12:00:00-04:00,13.103
2019-10-18 13:00:00-04:00,13.7
2019-10-18 14:00:00-04:00,13.902
2019-10-18 15:00:00-04:00,13.654
2019-10-18 16:00:00-04:00,12.946
2019-10-18 17:00:00-04:00,11.645
2019-10-18 18:00:00-04:00,9.852
2019-10-18 19:00:00-04:00,8.783
2019-10-18 20:00:00-04:00,7.957
2019-10-18 21:00:00-04:00,7.179
2019-10-18 22:00:00-04:00,6.427
2019-10-18 23:00:00-04:00,5.6690000000000005
2019-10-19 00:00:00-04:00,4.699
2019-10-19 01:00:00-04:00,3.9699999999999998
2019-10-19 02:00:00-04:00,3.559
2019-10-19 03:00:00-04:00,3.199
2019-10-19 04:00:00-04:00,3.1390000000000002
2019-10-19 05:00:00-04:00,2.924
2019-10-19 06:00:00-04:00,2.832
2019-10-19 07:00:00-04:00,2.7560000000000002
2019-10-19 08:00:00-04:00,4.78
2019-10-19 09:00:00-04:00,7.5440000000000005
2019-10-19 10:00:00-04:00,10.067
2019-10-19 11:00:00-04:00,11.98
2019-10-19 12:00:00-04:00,13.565
2019-10-19 13:00:00-04:00,14.709
2019-10-19 14:00:00-04:00,15.412
2019-10-19 15:00:00-04:00,15.561
2019-10-19 16:00:00-04:00,15.149
2019-10-19 17:00:00-04:00,12.864
2019-10-19 18:00:00-04:00,10.428
2019-10-19 19:00:00-04:00,9.844
2019-10-19 20:00:00-04:00,9.587
2019-10-19 21:00:00-04:00,9.327
2019-10-19 22:00:00-04:00,9.047
2019-10-19 23:00:00-04:00,8.691
2019-10-20 00:00:00-04:00,8.27
2019-10-20 01:00:00-04:00,8.042
2019-10-20 02:00:00-04:00,8.089
2019-10-20 03:00:00-04:00,7.458
2019-10-20 04:00:00-04:00,6.191
2019-10-20 05:00:00-04:00,5.077
2019-10-20 06:00:00-04:00,4.451
2019-10-20 07:00:00-04:00,4.182
2019-10-20 08:00:00-04:00,6.422
2019-10-20 09:00:00-04:00,8.547
2019-10-20 10:00:00-04:00,11.199
2019-10-20 11:00:00-04:00,13.148
2019-10-20 12:00:00-04:00,13.986
2019-10-20 13:00:00-04:00,14.272
2019-10-20 14:00:00-04:00,14.238
2019-10-20 15:00:00-04:00,13.696
2019-10-20 16:00:00-04:00,12.661
2019-10-20 17:00:00-04:00,11.399000000000001
2019-10-20 18:00:00-04:00,10.586
2019-10-20 19:00:00-04:00,10.417
2019-10-20 20:00:00-04:00,10.303
2019-10-20 21:00:00-04:00,10.11
2019-10-20 22:00:00-04:00,9.782
2019-10-20 23:00:00-04:00,9.563
2019-10-21 00:00:00-04:00,9.378
2019-10-21 01:00:00-04:00,9.154
2019-10-21 02:00:00-04:00,8.915
2019-10-21 03:00:00-04:00,8.552
2019-10-21 04:00:00-04:00,8.246
2019-10-21 05:00:00-04:00,8.01
2019-10-21 06:00:00-04:00,7.612
2019-10-21 07:00:00-04:00,7.385
2019-10-21 08:00:00-04:00,8.287
2019-10-21 09:00:00-04:00,9.954
2019-10-21 10:00:00-04:00,12.343
2019-10-21 11:00:00-04:00,14.905
2019-10-21 12:00:00-04:00,16.696
2019-10-21 13:00:00-04:00,17.941
2019-10-21 14:00:00-04:00,18.628
2019-10-21 15:00:00-04:00,18.728
2019-10-21 16:00:00-04:00,18.158
2019-10-21 17:00:00-04:00,15.622
2019-10-21 18:00:00-04:00,12.169
2019-10-21 19:00:00-04:00,10.983
2019-10-21 20:00:00-04:00,10.041
2019-10-21 21:00:00-04:00,9.378
2019-10-21 22:00:00-04:00,9.363
2019-10-21 23:00:00-04:00,8.409
2019-10-22 00:00:00-04:00,7.997
2019-10-22 01:00:00-04:00,8.213
2019-10-22 02:00:00-04:00,8.378
2019-10-22 03:00:00-04:00,8.313
2019-10-22 04:00:00-04:00,8.217
2019-10-22 05:00:00-04:00,8.15
2019-10-22 06:00:00-04:00,8.04
2019-10-22 07:00:00-04:00,8.037
2019-10-22 08:00:00-04:00,9.235
2019-10-22 09:00:00-04:00,10.849
2019-10-22 10:00:00-04:00,12.589
2019-10-22 11:00:00-04:00,13.85
2019-10-22 12:00:00-04:00,14.65
2019-10-22 13:00:00-04:00,15.069
2019-10-22 14:00:00-04:00,15.059
2019-10-22 15:00:00-04:00,14.83
2019-10-22 16:00:00-04:00,14.255
2019-10-22 17:00:00-04:00,13.399000000000001
2019-10-22 18:00:00-04:00,12.619
2019-10-22 19:00:00-04:00,12.14
2019-10-22 20:00:00-04:00,11.852
2019-10-22 21:00:00-04:00,11.906
2019-10-22 22:00:00-04:00,12.345
2019-10-22 23:00:00-04:00,13.018
2019-10-23 00:00:00-04:00,13.649000000000001
2019-10-23 01:00:00-04:00,14.078
2019-10-23 02:00:00-04:00,14.345
2019-10-23 03:00:00-04:00,14.392
2019-10-23 04:00:00-04:00,14.308
2019-10-23 05:00:00-04:00,13.748
2019-10-23 06:00:00-04:00,13.352
2019-10-23 07:00:00-04:00,12.554
2019-10-23 08:00:00-04:00,12.057
2019-10-23 09:00:00-04:00,12.896
2019-10-23 10:00:00-04:00,14.465
2019-10-23 11:00:00-04:00,15.752
2019-10-23 12:00:00-04:00,16.449
2019-10-23 13:00:00-04:00,16.903
2019-10-23 14:00:00-04:00,17.045
2019-10-23 15:00:00-04:00,16.826
2019-10-23 16:00:00-04:00,16.125
2019-10-23 17:00:00-04:00,14.189
2019-10-23 18:00:00-04:00,11.236
2019-10-23 19:00:00-04:00,10.621
2019-10-23 20:00:00-04:00,9.855
2019-10-23 21:00:00-04:00,9.1
2019-10-23 22:00:00-04:00,8.452
2019-10-23 23:00:00-04:00,7.884
2019-10-24 00:00:00-04:00,7.501
2019-10-24 01:00:00-04:00,7.071
2019-10-24 02:00:00-04:00,6.48
2019-10-24 03:00:00-04:00,5.743
2019-10-24 04:00:00-04:00,4.934
2019-10-24 05:00:00-04:00,4.667
2019-10-24 06:00:00-04:00,5.03
2019-10-24 07:00:00-04:00,5.191
2019-10-24 08:00:00-04:00,7.586
2019-10-24 09:00:00-04:00,10.62
2019-10-24 10:00:00-04:00,13.971
2019-10-24 11:00:00-04:00,16.095
2019-10-24 12:00:00-04:00,17.133
2019-10-24 13:00:00-04:00,17.666
2019-10-24 14:00:00-04:00,17.821
2019-10-24 15:00:00-04:00,17.593
2019-10-24 16:00:00-04:00,16.836
2019-10-24 17:00:00-04:00,15.094
2019-10-24 18:00:00-04:00,12.497
2019-10-24 19:00:00-04:00,11.338
2019-10-24 20:00:00-04:00,10.549
2019-10-24 21:00:00-04:00,9.791
2019-10-24 22:00:00-04:00,9.093
2019-10-24 23:00:00-04:00,8.522
2019-10-25 00:00:00-04:00,7.875
2019-10-25 01:00:00-04:00,7.527
2019-10-25 02:00:00-04:00,7.206
2019-10-25 03:00:00-04:00,6.727
2019-10-25 04:00:00-04:00,6.217
2019-10-25 05:00:00-04:00,5.767
2019-10-25 06:00:00-04:00,5.497
2019-10-25 07:00:00-04:00,5.494
2019-10-25 08:00:00-04:00,8.357
2019-10-25 09:00:00-04:00,11.015
2019-10-25 10:00:00-04:00,14.145
2019-10-25 11:00:00-04:00,16.252
2019-10-25 12:00:00-04:00,16.734
2019-10-25 13:00:00-04:00,17.071
2019-10-25 14:00:00-04:00,17.027
2019-10-25 15:00:00-04:00,16.643
2019-10-25 16:00:00-04:00,15.645
2019-10-25 17:00:00-04:00,13.703
2019-10-25 18:00:00-04:00,12.186
2019-10-25 19:00:00-04:00,11.608
2019-10-25 20:00:00-04:00,11.37
2019-10-25 21:00:00-04:00,11.152
2019-10-25 22:00:00-04:00,10.853
2019-10-25 23:00:00-04:00,10.672
2019-10-26 00:00:00-04:00,10.495
2019-10-26 01:00:00-04:00,10.177
2019-10-26 02:00:00-04:00,9.732
2019-10-26 03:00:00-04:00,9.157
2019-10-26 04:00:00-04:00,8.646
2019-10-26 05:00:00-04:00,8.242
2019-10-26 06:00:00-04:00,7.902
2019-10-26 07:00:00-04:00,7.429
2019-10-26 08:00:00-04:00,8.151
2019-10-26 09:00:00-04:00,9.858
2019-10-26 10:00:00-04:00,12.05
2019-10-26 11:00:00-04:00,13.61
2019-10-26 12:00:00-04:00,14.676
2019-10-26 13:00:00-04:00,15.361
2019-10-26 14:00:00-04:00,15.438
2019-10-26 15:00:00-04:00,15.053
2019-10-26 16:00:00-04:00,14.152
2019-10-26 17:00:00-04:00,12.544
2019-10-26 18:00:00-04:00,11.11
2019-10-26 19:00:00-04:00,9.615
2019-10-26 20:00:00-04:00,9.276
2019-10-26 21:00:00-04:00,9.547
2019-10-26 22:00:00-04:00,9.54
2019-10-26 23:00:00-04:00,9.195
2019-10-27 00:00:00-04:00,9.131
2019-10-27 01:00:00-04:00,9.24
2019-10-27 02:00:00-04:00,9.374
2019-10-27 03:00:00-04:00,9.335
2019-10-27 04:00:00-04:00,9.23
2019-10-27 05:00:00-04:00,8.978
2019-10-27 06:00:00-04:00,8.803
2019-10-27 07:00:00-04:00,8.929
2019-10-27 08:00:00-04:00,9.389
2019-10-27 09:00:00-04:00,10.214
2019-10-27 10:00:00-04:00,11.155
2019-10-27 11:00:00-04:00,11.942
2019-10-27 12:00:00-04:00,12.441
2019-10-27 13:00:00-04:00,13.174
2019-10-27 14:00:00-04:00,14.208
2019-10-27 15:00:00-04:00,14.917
2019-10-27 16:00:00-04:00,15.53
2019-10-27 17:00:00-04:00,15.572
2019-10-27 18:00:00-04:00,14.731
2019-10-27 19:00:00-04:00,14.05
2019-10-27 20:00:00-04:00,13.047
2019-10-27 21:00:00-04:00,11.663
2019-10-27 22:00:00-04:00,10.557
2019-10-27 23:00:00-04:00,9.875
2019-10-28 00:00:00-04:00,9.454
2019-10-28 01:00:00-04:00,9.03
2019-10-28 02:00:00-04:00,8.653
2019-10-28 03:00:00-04:00,8.179
2019-10-28 04:00:00-04:00,7.755
2019-10-28 05:00:00-04:00,7.543
2019-10-28 06:00:00-04:00,7.43
2019-10-28 07:00:00-04:00,7.352
2019-10-28 08:00:00-04:00,8.663
2019-10-28 09:00:00-04:00,9.986
2019-10-28 10:00:00-04:00,11.588
2019-10-28 11:00:00-04:00,13.416
2019-10-28 12:00:00-04:00,14.884
2019-10-28 13:00:00-04:00,15.972
2019-10-28 14:00:00-04:00,16.487
2019-10-28 15:00:00-04:00,16.467
2019-10-28 16:00:00-04:00,15.834
2019-10-28 17:00:00-04:00,13.857
2019-10-28 18:00:00-04:00,11.942
2019-10-28 19:00:00-04:00,12.161
2019-10-28 20:00:00-04:00,12.024
2019-10-28 21:00:00-04:00,11.512
2019-10-28 22:00:00-04:00,10.846
2019-10-28 23:00:00-04:00,9.949
2019-10-29 00:00:00-04:00,9.45
2019-10-29 01:00:00-04:00,9.196
2019-10-29 02:00:00-04:00,9.071
2019-10-29 03:00:00-04:00,8.949
2019-10-29 04:00:00-04:00,8.967
2019-10-29 05:00:00-04:00,8.931000000000001
2019-10-29 06:00:00-04:00,8.794
2019-10-29 07:00:00-04:00,8.687
2019-10-29 08:00:00-04:00,9.303
2019-10-29 09:00:00-04:00,10.366
2019-10-29 10:00:00-04:00,11.457
2019-10-29 11:00:00-04:00,12.481
2019-10-29 12:00:00-04:00,13.404
2019-10-29 13:00:00-04:00,14.033
2019-10-29 14:00:00-04:00,14.33
2019-10-29 15:00:00-04:00,14.322
2019-10-29 16:00:00-04:00,13.956
2019-10-29 17:00:00-04:00,12.965
2019-10-29 18:00:00-04:00,11.729
2019-10-29 19:00:00-04:00,11.611
2019-10-29 20:00:00-04:00,11.382
2019-10-29 21:00:00-04:00,11.235
2019-10-29 22:00:00-04:00,11.226
2019-10-29 23:00:00-04:00,11.059
2019-10-30 00:00:00-04:00,10.903
2019-10-30 01:00:00-04:00,10.978
2019-10-30 02:00:00-04:00,10.994
2019-10-30 03:00:00-04:00,11.001
2019-10-30 04:00:00-04:00,11.07
2019-10-30 05:00:00-04:00,11.168
2019-10-30 06:00:00-04:00,11.352
2019-10-30 07:00:00-04:00,11.265
2019-10-30 08:00:00-04:00,12.174
2019-10-30 09:00:00-04:00,13.681000000000001
2019-10-30 10:00:00-04:00,15.373
2019-10-30 11:00:00-04:00,17.01
2019-10-30 12:00:00-04:00,18.223
2019-10-30 13:00:00-04:00,18.686
2019-10-30 14:00:00-04:00,18.227
2019-10-30 15:00:00-04:00,17.459
2019-10-30 16:00:00-04:00,16.671
2019-10-30 17:00:00-04:00,15.725999999999999
2019-10-30 18:00:00-04:00,15.158
2019-10-30 19:00:00-04:00,14.857
2019-10-30 20:00:00-04:00,14.595
2019-10-30 21:00:00-04:00,14.404
2019-10-30 22:00:00-04:00,14.289
2019-10-30 23:00:00-04:00,14.384
2019-10-31 00:00:00-04:00,14.636
2019-10-31 01:00:00-04:00,14.749
2019-10-31 02:00:00-04:00,14.847
2019-10-31 03:00:00-04:00,14.947
2019-10-31 04:00:00-04:00,14.834
2019-10-31 05:00:00-04:00,14.676
2019-10-31 06:00:00-04:00,14.746
2019-10-31 07:00:00-04:00,15.547
2019-10-31 08:00:00-04:00,16.64
2019-10-31 09:00:00-04:00,17.687
2019-10-31 10:00:00-04:00,18.589
2019-10-31 11:00:00-04:00,19.353
2019-10-31 12:00:00-04:00,19.928
2019-10-31 13:00:00-04:00,20.043
2019-10-31 14:00:00-04:00,19.753
2019-10-31 15:00:00-04:00,19.359
2019-10-31 16:00:00-04:00,18.829
2019-10-31 17:00:00-04:00,18.426
2019-10-31 18:00:00-04:00,18.295
2019-10-31 19:00:00-04:00,18.392
2019-10-31 20:00:00-04:00,18.63
2019-10-31 21:00:00-04:00,18.992
2019-10-31 22:00:00-04:00,19.369
2019-10-31 23:00:00-04:00,19.671
2019-11-01 00:00:00-04:00,19.938
2019-11-01 01:00:00-04:00,20.121
2019-11-01 02:00:00-04:00,19.877
2019-11-01 03:00:00-04:00,16.225
2019-11-01 04:00:00-04:00,10.933
2019-11-01 05:00:00-04:00,9.556000000000001
2019-11-01 06:00:00-04:00,8.345
2019-11-01 07:00:00-04:00,6.965
2019-11-01 08:00:00-04:00,6.8469999999999995
2019-11-01 09:00:00-04:00,7.8
2019-11-01 10:00:00-04:00,8.697
2019-11-01 11:00:00-04:00,9.585
2019-11-01 12:00:00-04:00,10.442
2019-11-01 13:00:00-04:00,11.052
2019-11-01 14:00:00-04:00,11.329
2019-11-01 15:00:00-04:00,11.174
2019-11-01 16:00:00-04:00,10.449
2019-11-01 17:00:00-04:00,8.869
2019-11-01 18:00:00-04:00,6.953
2019-11-01 19:00:00-04:00,6.022
2019-11-01 20:00:00-04:00,4.99
2019-11-01 21:00:00-04:00,3.942
2019-11-01 22:00:00-04:00,3.142
2019-11-01 23:00:00-04:00,2.269
2019-11-02 00:00:00-04:00,1.488
2019-11-02 01:00:00-04:00,1.068
2019-11-02 02:00:00-04:00,0.675
2019-11-02 03:00:00-04:00,0.34800000000000003
2019-11-02 04:00:00-04:00,0.122
2019-11-02 05:00:00-04:00,-0.171
2019-11-02 06:00:00-04:00,-0.456
2019-11-02 07:00:00-04:00,-0.758
2019-11-02 08:00:00-04:00,1.341
2019-11-02 09:00:00-04:00,4.359
2019-11-02 10:00:00-04:00,6.578
2019-11-02 11:00:00-04:00,8.194
2019-11-02 12:00:00-04:00,9.39
2019-11-02 13:00:00-04:00,10.107
2019-11-02 14:00:00-04:00,10.388
2019-11-02 15:00:00-04:00,10.22
2019-11-02 16:00:00-04:00,9.493
2019-11-02 17:00:00-04:00,7.078
2019-11-02 18:00:00-04:00,4.678
2019-11-02 19:00:00-04:00,4.501
2019-11-02 20:00:00-04:00,4.53
2019-11-02 21:00:00-04:00,4.287
2019-11-02 22:00:00-04:00,3.9370000000000003
2019-11-02 23:00:00-04:00,3.396
2019-11-03 00:00:00-04:00,2.973
2019-11-03 01:00:00-04:00,2.432
2019-11-03 01:00:00-05:00,1.937
2019-11-03 02:00:00-05:00,1.716
2019-11-03 03:00:00-05:00,1.213
2019-11-03 04:00:00-05:00,0.756
2019-11-03 05:00:00-05:00,0.595
2019-11-03 06:00:00-05:00,0.093
2019-11-03 07:00:00-05:00,1.47
2019-11-03 08:00:00-05:00,4.372
2019-11-03 09:00:00-05:00,7.779
2019-11-03 10:00:00-05:00,9.407
2019-11-03 11:00:00-05:00,10.374
2019-11-03 12:00:00-05:00,10.841
2019-11-03 13:00:00-05:00,10.869
2019-11-03 14:00:00-05:00,10.58
2019-11-03 15:00:00-05:00,9.771
2019-11-03 16:00:00-05:00,7.294
2019-11-03 17:00:00-05:00,4.76
2019-11-03 18:00:00-05:00,4.223
2019-11-03 19:00:00-05:00,3.799
2019-11-03 20:00:00-05:00,3.378
2019-11-03 21:00:00-05:00,2.644
2019-11-03 22:00:00-05:00,2.027
2019-11-03 23:00:00-05:00,1.561
2019-11-04 00:00:00-05:00,1.105
2019-11-04 01:00:00-05:00,0.456
2019-11-04 02:00:00-05:00,-0.14
2019-11-04 03:00:00-05:00,-0.336
2019-11-04 04:00:00-05:00,0.273
2019-11-04 05:00:00-05:00,0.671
2019-11-04 06:00:00-05:00,0.987
2019-11-04 07:00:00-05:00,2.008
2019-11-04 08:00:00-05:00,4.71
2019-11-04 09:00:00-05:00,7.853
2019-11-04 10:00:00-05:00,9.437
2019-11-04 11:00:00-05:00,10.494
2019-11-04 12:00:00-05:00,11.114
2019-11-04 13:00:00-05:00,11.251
2019-11-04 14:00:00-05:00,10.884
2019-11-04 15:00:00-05:00,9.829
2019-11-04 16:00:00-05:00,8.56
2019-11-04 17:00:00-05:00,7.128
2019-11-04 18:00:00-05:00,6.6
2019-11-04 19:00:00-05:00,6.316
2019-11-04 20:00:00-05:00,6.316
2019-11-04 21:00:00-05:00,6.302
2019-11-04 22:00:00-05:00,6.057
2019-11-04 23:00:00-05:00,5.6850000000000005
2019-11-05 00:00:00-05:00,6.237
2019-11-05 01:00:00-05:00,7.0
2019-11-05 02:00:00-05:00,7.091
2019-11-05 03:00:00-05:00,6.787
2019-11-05 04:00:00-05:00,6.494
2019-11-05 05:00:00-05:00,6.361
2019-11-05 06:00:00-05:00,6.789
2019-11-05 07:00:00-05:00,8.665
2019-11-05 08:00:00-05:00,10.697
2019-11-05 09:00:00-05:00,11.822
2019-11-05 10:00:00-05:00,12.472
2019-11-05 11:00:00-05:00,12.563
2019-11-05 12:00:00-05:00,12.587
2019-11-05 13:00:00-05:00,12.850999999999999
2019-11-05 14:00:00-05:00,12.998
2019-11-05 15:00:00-05:00,12.777
2019-11-05 16:00:00-05:00,11.089
2019-11-05 17:00:00-05:00,9.156
2019-11-05 18:00:00-05:00,9.092
2019-11-05 19:00:00-05:00,8.995
2019-11-05 20:00:00-05:00,8.669
2019-11-05 21:00:00-05:00,8.327
2019-11-05 22:00:00-05:00,7.745
2019-11-05 23:00:00-05:00,7.171
2019-11-06 00:00:00-05:00,6.503
2019-11-06 01:00:00-05:00,5.245
2019-11-06 02:00:00-05:00,3.805
2019-11-06 03:00:00-05:00,2.928
2019-11-06 04:00:00-05:00,2.1390000000000002
2019-11-06 05:00:00-05:00,1.784
2019-11-06 06:00:00-05:00,1.562
2019-11-06 07:00:00-05:00,3.214
2019-11-06 08:00:00-05:00,5.5969999999999995
2019-11-06 09:00:00-05:00,7.575
2019-11-06 10:00:00-05:00,8.929
2019-11-06 11:00:00-05:00,9.854
2019-11-06 12:00:00-05:00,10.446
2019-11-06 13:00:00-05:00,10.666
2019-11-06 14:00:00-05:00,10.484
2019-11-06 15:00:00-05:00,9.697
2019-11-06 16:00:00-05:00,6.678
2019-11-06 17:00:00-05:00,4.567
2019-11-06 18:00:00-05:00,4.081
2019-11-06 19:00:00-05:00,3.883
2019-11-06 20:00:00-05:00,3.841
2019-11-06 21:00:00-05:00,3.545
2019-11-06 22:00:00-05:00,2.642
2019-11-06 23:00:00-05:00,2.006
2019-11-07 00:00:00-05:00,1.869
2019-11-07 01:00:00-05:00,2.06
2019-11-07 02:00:00-05:00,2.116
2019-11-07 03:00:00-05:00,1.885
2019-11-07 04:00:00-05:00,1.762
2019-11-07 05:00:00-05:00,2.311
2019-11-07 06:00:00-05:00,3.329
2019-11-07 07:00:00-05:00,5.101
2019-11-07 08:00:00-05:00,7.681
2019-11-07 09:00:00-05:00,10.12
2019-11-07 10:00:00-05:00,11.562
2019-11-07 11:00:00-05:00,11.868
2019-11-07 12:00:00-05:00,11.972
2019-11-07 13:00:00-05:00,11.643
2019-11-07 14:00:00-05:00,10.549
2019-11-07 15:00:00-05:00,9.657
2019-11-07 16:00:00-05:00,8.671
2019-11-07 17:00:00-05:00,7.781
2019-11-07 18:00:00-05:00,7.29
2019-11-07 19:00:00-05:00,6.32
2019-11-07 20:00:00-05:00,4.842
2019-11-07 21:00:00-05:00,3.748
2019-11-07 22:00:00-05:00,3.034
2019-11-07 23:00:00-05:00,2.363
2019-11-08 00:00:00-05:00,1.541
2019-11-08 01:00:00-05:00,0.632
2019-11-08 02:00:00-05:00,-0.303
2019-11-08 03:00:00-05:00,-1.207
2019-11-08 04:00:00-05:00,-1.9849999999999999
2019-11-08 05:00:00-05:00,-2.632
2019-11-08 06:00:00-05:00,-3.159
2019-11-08 07:00:00-05:00,-2.718
2019-11-08 08:00:00-05:00,-1.27
2019-11-08 09:00:00-05:00,-0.19
2019-11-08 10:00:00-05:00,0.431
2019-11-08 11:00:00-05:00,0.992
2019-11-08 12:00:00-05:00,1.2810000000000001
2019-11-08 13:00:00-05:00,1.266
2019-11-08 14:00:00-05:00,0.982
2019-11-08 15:00:00-05:00,0.381
2019-11-08 16:00:00-05:00,-0.723
2019-11-08 17:00:00-05:00,-1.8519999999999999
2019-11-08 18:00:00-05:00,-2.4859999999999998
2019-11-08 19:00:00-05:00,-3.064
2019-11-08 20:00:00-05:00,-3.659
2019-11-08 21:00:00-05:00,-4.023
2019-11-08 22:00:00-05:00,-4.401
2019-11-08 23:00:00-05:00,-4.72
2019-11-09 00:00:00-05:00,-4.908
2019-11-09 01:00:00-05:00,-5.062
2019-11-09 02:00:00-05:00,-5.211
2019-11-09 03:00:00-05:00,-5.343
2019-11-09 04:00:00-05:00,-5.5760000000000005
2019-11-09 05:00:00-05:00,-5.655
2019-11-09 06:00:00-05:00,-5.539
2019-11-09 07:00:00-05:00,-4.064
2019-11-09 08:00:00-05:00,-1.6440000000000001
2019-11-09 09:00:00-05:00,0.398
2019-11-09 10:00:00-05:00,1.843
2019-11-09 11:00:00-05:00,2.794
2019-11-09 12:00:00-05:00,3.358
2019-11-09 13:00:00-05:00,3.501
2019-11-09 14:00:00-05:00,3.189
2019-11-09 15:00:00-05:00,2.284
2019-11-09 16:00:00-05:00,-0.735
2019-11-09 17:00:00-05:00,-2.651
2019-11-09 18:00:00-05:00,-2.607
2019-11-09 19:00:00-05:00,-2.446
2019-11-09 20:00:00-05:00,-2.255
2019-11-09 21:00:00-05:00,-2.333
2019-11-09 22:00:00-05:00,-2.366
2019-11-09 23:00:00-05:00,-2.267
2019-11-10 00:00:00-05:00,-1.9420000000000002
2019-11-10 01:00:00-05:00,-2.121
2019-11-10 02:00:00-05:00,-2.544
2019-11-10 03:00:00-05:00,-2.717
2019-11-10 04:00:00-05:00,-2.688
2019-11-10 05:00:00-05:00,-2.29
2019-11-10 06:00:00-05:00,-1.422
2019-11-10 07:00:00-05:00,-0.169
2019-11-10 08:00:00-05:00,1.54
2019-11-10 09:00:00-05:00,2.858
2019-11-10 10:00:00-05:00,4.557
2019-11-10 11:00:00-05:00,7.038
2019-11-10 12:00:00-05:00,8.203
2019-11-10 13:00:00-05:00,8.698
2019-11-10 14:00:00-05:00,8.572
2019-11-10 15:00:00-05:00,7.166
2019-11-10 16:00:00-05:00,4.496
2019-11-10 17:00:00-05:00,2.829
2019-11-10 18:00:00-05:00,2.402
2019-11-10 19:00:00-05:00,1.5270000000000001
2019-11-10 20:00:00-05:00,1.118
2019-11-10 21:00:00-05:00,1.251
2019-11-10 22:00:00-05:00,1.095
2019-11-10 23:00:00-05:00,0.785
2019-11-11 00:00:00-05:00,0.793
2019-11-11 01:00:00-05:00,0.65
2019-11-11 02:00:00-05:00,0.93
2019-11-11 03:00:00-05:00,1.337
2019-11-11 04:00:00-05:00,2.02
2019-11-11 05:00:00-05:00,2.8810000000000002
2019-11-11 06:00:00-05:00,3.483
2019-11-11 07:00:00-05:00,4.188
2019-11-11 08:00:00-05:00,6.718
2019-11-11 09:00:00-05:00,9.613
2019-11-11 10:00:00-05:00,12.339
2019-11-11 11:00:00-05:00,13.889
2019-11-11 12:00:00-05:00,14.438
2019-11-11 13:00:00-05:00,14.281
2019-11-11 14:00:00-05:00,13.352
2019-11-11 15:00:00-05:00,11.613
2019-11-11 16:00:00-05:00,9.648
2019-11-11 17:00:00-05:00,8.569
2019-11-11 18:00:00-05:00,8.099
2019-11-11 19:00:00-05:00,7.252
2019-11-11 20:00:00-05:00,6.9190000000000005
2019-11-11 21:00:00-05:00,6.7780000000000005
2019-11-11 22:00:00-05:00,6.596
2019-11-11 23:00:00-05:00,7.181
2019-11-12 00:00:00-05:00,8.421
2019-11-12 01:00:00-05:00,8.782
2019-11-12 02:00:00-05:00,9.245
2019-11-12 03:00:00-05:00,9.461
2019-11-12 04:00:00-05:00,9.381
2019-11-12 05:00:00-05:00,9.472
2019-11-12 06:00:00-05:00,9.383
2019-11-12 07:00:00-05:00,9.206
2019-11-12 08:00:00-05:00,8.315
2019-11-12 09:00:00-05:00,5.978
2019-11-12 10:00:00-05:00,3.214
2019-11-12 11:00:00-05:00,1.039
2019-11-12 12:00:00-05:00,-0.079
2019-11-12 13:00:00-05:00,-0.652
2019-11-12 14:00:00-05:00,-1.164
2019-11-12 15:00:00-05:00,-1.659
2019-11-12 16:00:00-05:00,-2.035
2019-11-12 17:00:00-05:00,-2.564
2019-11-12 18:00:00-05:00,-3.319
2019-11-12 19:00:00-05:00,-4.22
2019-11-12 20:00:00-05:00,-4.703
2019-11-12 21:00:00-05:00,-4.9719999999999995
2019-11-12 22:00:00-05:00,-5.038
2019-11-12 23:00:00-05:00,-5.207
2019-11-13 00:00:00-05:00,-5.51
2019-11-13 01:00:00-05:00,-5.811
2019-11-13 02:00:00-05:00,-6.082
2019-11-13 03:00:00-05:00,-6.376
2019-11-13 04:00:00-05:00,-6.607
2019-11-13 05:00:00-05:00,-6.798
2019-11-13 06:00:00-05:00,-7.011
2019-11-13 07:00:00-05:00,-6.905
2019-11-13 08:00:00-05:00,-6.061
2019-11-13 09:00:00-05:00,-4.975
2019-11-13 10:00:00-05:00,-3.777
2019-11-13 11:00:00-05:00,-2.626
2019-11-13 12:00:00-05:00,-1.783
2019-11-13 13:00:00-05:00,-1.369
2019-11-13 14:00:00-05:00,-1.443
2019-11-13 15:00:00-05:00,-2.049
2019-11-13 16:00:00-05:00,-3.429
2019-11-13 17:00:00-05:00,-4.793
2019-11-13 18:00:00-05:00,-5.127
2019-11-13 19:00:00-05:00,-5.302
2019-11-13 20:00:00-05:00,-5.45
2019-11-13 21:00:00-05:00,-5.53
2019-11-13 22:00:00-05:00,-5.209
2019-11-13 23:00:00-05:00,-5.212
2019-11-14 00:00:00-05:00,-5.609
2019-11-14 01:00:00-05:00,-5.862
2019-11-14 02:00:00-05:00,-6.046
2019-11-14 03:00:00-05:00,-6.291
2019-11-14 04:00:00-05:00,-6.27
2019-11-14 05:00:00-05:00,-6.225
2019-11-14 06:00:00-05:00,-5.982
2019-11-14 07:00:00-05:00,-5.012
2019-11-14 08:00:00-05:00,-3.386
2019-11-14 09:00:00-05:00,-1.375
2019-11-14 10:00:00-05:00,0.685
2019-11-14 11:00:00-05:00,2.308
2019-11-14 12:00:00-05:00,3.472
2019-11-14 13:00:00-05:00,3.964
2019-11-14 14:00:00-05:00,3.883
2019-11-14 15:00:00-05:00,3.048
2019-11-14 16:00:00-05:00,0.8170000000000001
2019-11-14 17:00:00-05:00,0.021
2019-11-14 18:00:00-05:00,-0.04
2019-11-14 19:00:00-05:00,-0.163
2019-11-14 20:00:00-05:00,-0.41600000000000004
2019-11-14 21:00:00-05:00,-0.687
2019-11-14 22:00:00-05:00,-0.913
2019-11-14 23:00:00-05:00,-1.311
2019-11-15 00:00:00-05:00,-1.679
2019-11-15 01:00:00-05:00,-1.976
2019-11-15 02:00:00-05:00,-2.666
2019-11-15 03:00:00-05:00,-2.94
2019-11-15 04:00:00-05:00,-3.047
2019-11-15 05:00:00-05:00,-3.172
2019-11-15 06:00:00-05:00,-3.239
2019-11-15 07:00:00-05:00,-2.049
2019-11-15 08:00:00-05:00,0.754
2019-11-15 09:00:00-05:00,3.499
2019-11-15 10:00:00-05:00,5.991
2019-11-15 11:00:00-05:00,7.25
2019-11-15 12:00:00-05:00,7.978
2019-11-15 13:00:00-05:00,8.262
2019-11-15 14:00:00-05:00,7.92
2019-11-15 15:00:00-05:00,5.999
2019-11-15 16:00:00-05:00,1.995
2019-11-15 17:00:00-05:00,0.744
2019-11-15 18:00:00-05:00,1.111
2019-11-15 19:00:00-05:00,1.236
2019-11-15 20:00:00-05:00,1.1320000000000001
2019-11-15 21:00:00-05:00,0.28700000000000003
2019-11-15 22:00:00-05:00,-0.13
2019-11-15 23:00:00-05:00,-0.077
2019-11-16 00:00:00-05:00,0.374
2019-11-16 01:00:00-05:00,0.048
2019-11-16 02:00:00-05:00,-0.847
2019-11-16 03:00:00-05:00,-1.661
2019-11-16 04:00:00-05:00,-2.3529999999999998
2019-11-16 05:00:00-05:00,-2.993
2019-11-16 06:00:00-05:00,-3.62
2019-11-16 07:00:00-05:00,-3.823
2019-11-16 08:00:00-05:00,-2.912
2019-11-16 09:00:00-05:00,-1.5190000000000001
2019-11-16 10:00:00-05:00,-0.025
2019-11-16 11:00:00-05:00,1.231
2019-11-16 12:00:00-05:00,2.042
2019-11-16 13:00:00-05:00,2.346
2019-11-16 14:00:00-05:00,2.117
2019-11-16 15:00:00-05:00,1.175
2019-11-16 16:00:00-05:00,-1.7890000000000001
2019-11-16 17:00:00-05:00,-3.126
2019-11-16 18:00:00-05:00,-3.36
2019-11-16 19:00:00-05:00,-3.88
2019-11-16 20:00:00-05:00,-4.332
2019-11-16 21:00:00-05:00,-4.807
2019-11-16 22:00:00-05:00,-5.216
2019-11-16 23:00:00-05:00,-5.5760000000000005
2019-11-17 00:00:00-05:00,-5.861
2019-11-17 01:00:00-05:00,-6.087
2019-11-17 02:00:00-05:00,-6.226
2019-11-17 03:00:00-05:00,-6.197
2019-11-17 04:00:00-05:00,-6.113
2019-11-17 05:00:00-05:00,-6.189
2019-11-17 06:00:00-05:00,-6.368
2019-11-17 07:00:00-05:00,-6.206
2019-11-17 08:00:00-05:00,-4.557
2019-11-17 09:00:00-05:00,-2.149
2019-11-17 10:00:00-05:00,0.335
2019-11-17 11:00:00-05:00,2.325
2019-11-17 12:00:00-05:00,3.423
2019-11-17 13:00:00-05:00,3.903
2019-11-17 14:00:00-05:00,3.916
2019-11-17 15:00:00-05:00,3.166
2019-11-17 16:00:00-05:00,1.746
2019-11-17 17:00:00-05:00,0.932
2019-11-17 18:00:00-05:00,0.146
2019-11-17 19:00:00-05:00,-0.279
2019-11-17 20:00:00-05:00,-0.518
2019-11-17 21:00:00-05:00,-0.651
2019-11-17 22:00:00-05:00,-0.6920000000000001
2019-11-17 23:00:00-05:00,-0.6940000000000001
2019-11-18 00:00:00-05:00,-0.676
2019-11-18 01:00:00-05:00,-0.618
2019-11-18 02:00:00-05:00,-0.35000000000000003
2019-11-18 03:00:00-05:00,0.009000000000000001
2019-11-18 04:00:00-05:00,0.229
2019-11-18 05:00:00-05:00,0.304
2019-11-18 06:00:00-05:00,0.274
2019-11-18 07:00:00-05:00,0.263
2019-11-18 08:00:00-05:00,0.538
2019-11-18 09:00:00-05:00,1.086
2019-11-18 10:00:00-05:00,1.7770000000000001
2019-11-18 11:00:00-05:00,2.5220000000000002
2019-11-18 12:00:00-05:00,3.101
2019-11-18 13:00:00-05:00,3.46
2019-11-18 14:00:00-05:00,3.478
2019-11-18 15:00:00-05:00,3.029
2019-11-18 16:00:00-05:00,2.4859999999999998
2019-11-18 17:00:00-05:00,2.218
2019-11-18 18:00:00-05:00,2.001
2019-11-18 19:00:00-05:00,1.685
2019-11-18 20:00:00-05:00,1.3780000000000001
2019-11-18 21:00:00-05:00,1.413
2019-11-18 22:00:00-05:00,1.395
2019-11-18 23:00:00-05:00,1.314
2019-11-19 00:00:00-05:00,1.2610000000000001
2019-11-19 01:00:00-05:00,1.25
2019-11-19 02:00:00-05:00,1.441
2019-11-19 03:00:00-05:00,1.293
2019-11-19 04:00:00-05:00,0.6910000000000001
2019-11-19 05:00:00-05:00,0.581
2019-11-19 06:00:00-05:00,0.46
2019-11-19 07:00:00-05:00,0.499
2019-11-19 08:00:00-05:00,1.8
2019-11-19 09:00:00-05:00,2.751
2019-11-19 10:00:00-05:00,3.7199999999999998
2019-11-19 11:00:00-05:00,4.698
2019-11-19 12:00:00-05:00,5.237
2019-11-19 13:00:00-05:00,5.33
2019-11-19 14:00:00-05:00,4.993
2019-11-19 15:00:00-05:00,3.939
2019-11-19 16:00:00-05:00,1.6019999999999999
2019-11-19 17:00:00-05:00,0.6950000000000001
2019-11-19 18:00:00-05:00,0.839
2019-11-19 19:00:00-05:00,0.834
2019-11-19 20:00:00-05:00,0.34800000000000003
2019-11-19 21:00:00-05:00,-0.14100000000000001
2019-11-19 22:00:00-05:00,-0.164
2019-11-19 23:00:00-05:00,0.422
2019-11-20 00:00:00-05:00,0.6970000000000001
2019-11-20 01:00:00-05:00,0.617
2019-11-20 02:00:00-05:00,0.684
2019-11-20 03:00:00-05:00,0.736
2019-11-20 04:00:00-05:00,0.716
2019-11-20 05:00:00-05:00,0.705
2019-11-20 06:00:00-05:00,0.6910000000000001
2019-11-20 07:00:00-05:00,0.859
2019-11-20 08:00:00-05:00,1.477
2019-11-20 09:00:00-05:00,2.246
2019-11-20 10:00:00-05:00,2.968
2019-11-20 11:00:00-05:00,3.537
2019-11-20 12:00:00-05:00,3.871
2019-11-20 13:00:00-05:00,3.9290000000000003
2019-11-20 14:00:00-05:00,3.566
2019-11-20 15:00:00-05:00,2.799
2019-11-20 16:00:00-05:00,1.994
2019-11-20 17:00:00-05:00,1.486
2019-11-20 18:00:00-05:00,1.028
2019-11-20 19:00:00-05:00,0.7000000000000001
2019-11-20 20:00:00-05:00,0.5630000000000001
2019-11-20 21:00:00-05:00,0.401
2019-11-20 22:00:00-05:00,0.133
2019-11-20 23:00:00-05:00,-0.135
2019-11-21 00:00:00-05:00,-0.36
2019-11-21 01:00:00-05:00,-0.526
2019-11-21 02:00:00-05:00,-0.8170000000000001
2019-11-21 03:00:00-05:00,-1.087
2019-11-21 04:00:00-05:00,-1.306
2019-11-21 05:00:00-05:00,-1.6
2019-11-21 06:00:00-05:00,-1.8820000000000001
2019-11-21 07:00:00-05:00,-1.5350000000000001
2019-11-21 08:00:00-05:00,0.752
2019-11-21 09:00:00-05:00,3.115
2019-11-21 10:00:00-05:00,5.064
2019-11-21 11:00:00-05:00,6.716
2019-11-21 12:00:00-05:00,7.864
2019-11-21 13:00:00-05:00,8.353
2019-11-21 14:00:00-05:00,8.148
2019-11-21 15:00:00-05:00,6.567
2019-11-21 16:00:00-05:00,4.543
2019-11-21 17:00:00-05:00,5.234
2019-11-21 18:00:00-05:00,4.424
2019-11-21 19:00:00-05:00,3.055
2019-11-21 20:00:00-05:00,2.698
2019-11-21 21:00:00-05:00,3.509
2019-11-21 22:00:00-05:00,4.225
2019-11-21 23:00:00-05:00,4.16
2019-11-22 00:00:00-05:00,4.25
2019-11-22 01:00:00-05:00,4.59
2019-11-22 02:00:00-05:00,4.542
2019-11-22 03:00:00-05:00,4.735
2019-11-22 04:00:00-05:00,5.013
2019-11-22 05:00:00-05:00,5.415
2019-11-22 06:00:00-05:00,5.244
2019-11-22 07:00:00-05:00,5.2620000000000005
2019-11-22 08:00:00-05:00,6.007
2019-11-22 09:00:00-05:00,6.937
2019-11-22 10:00:00-05:00,7.683
2019-11-22 11:00:00-05:00,8.162
2019-11-22 12:00:00-05:00,8.213
2019-11-22 13:00:00-05:00,7.866
2019-11-22 14:00:00-05:00,6.771
2019-11-22 15:00:00-05:00,5.323
2019-11-22 16:00:00-05:00,4.257
2019-11-22 17:00:00-05:00,3.447
2019-11-22 18:00:00-05:00,2.711
2019-11-22 19:00:00-05:00,2.065
2019-11-22 20:00:00-05:00,1.545
2019-11-22 21:00:00-05:00,1.1
2019-11-22 22:00:00-05:00,0.53
2019-11-22 23:00:00-05:00,-0.069
2019-11-23 00:00:00-05:00,-0.604
2019-11-23 01:00:00-05:00,-1.111
2019-11-23 02:00:00-05:00,-1.597
2019-11-23 03:00:00-05:00,-2.135
2019-11-23 04:00:00-05:00,-2.89
2019-11-23 05:00:00-05:00,-3.355
2019-11-23 06:00:00-05:00,-3.769
2019-11-23 07:00:00-05:00,-2.949
2019-11-23 08:00:00-05:00,-0.041
2019-11-23 09:00:00-05:00,2.178
2019-11-23 10:00:00-05:00,3.707
2019-11-23 11:00:00-05:00,5.029
2019-11-23 12:00:00-05:00,6.06
2019-11-23 13:00:00-05:00,6.615
2019-11-23 14:00:00-05:00,6.564
2019-11-23 15:00:00-05:00,5.381
2019-11-23 16:00:00-05:00,2.808
2019-11-23 17:00:00-05:00,1.7000000000000002
2019-11-23 18:00:00-05:00,1.321
2019-11-23 19:00:00-05:00,1.2810000000000001
2019-11-23 20:00:00-05:00,1.4929999999999999
2019-11-23 21:00:00-05:00,1.754
2019-11-23 22:00:00-05:00,1.468
2019-11-23 23:00:00-05:00,1.876
2019-11-24 00:00:00-05:00,2.586
2019-11-24 01:00:00-05:00,2.454
2019-11-24 02:00:00-05:00,2.557
2019-11-24 03:00:00-05:00,3.058
2019-11-24 04:00:00-05:00,3.2720000000000002
2019-11-24 05:00:00-05:00,3.083
2019-11-24 06:00:00-05:00,2.8689999999999998
2019-11-24 07:00:00-05:00,3.206
2019-11-24 08:00:00-05:00,3.527
2019-11-24 09:00:00-05:00,3.444
2019-11-24 10:00:00-05:00,3.7640000000000002
2019-11-24 11:00:00-05:00,4.129
2019-11-24 12:00:00-05:00,4.196
2019-11-24 13:00:00-05:00,3.927
2019-11-24 14:00:00-05:00,3.215
2019-11-24 15:00:00-05:00,2.285
2019-11-24 16:00:00-05:00,1.764
2019-11-24 17:00:00-05:00,1.857
2019-11-24 18:00:00-05:00,2.106
2019-11-24 19:00:00-05:00,2.25
2019-11-24 20:00:00-05:00,2.293
2019-11-24 21:00:00-05:00,2.079
2019-11-24 22:00:00-05:00,1.708
2019-11-24 23:00:00-05:00,1.354
2019-11-25 00:00:00-05:00,1.072
2019-11-25 01:00:00-05:00,0.89
2019-11-25 02:00:00-05:00,0.8160000000000001
2019-11-25 03:00:00-05:00,0.8230000000000001
2019-11-25 04:00:00-05:00,0.723
2019-11-25 05:00:00-05:00,0.623
2019-11-25 06:00:00-05:00,0.8220000000000001
2019-11-25 07:00:00-05:00,1.214
2019-11-25 08:00:00-05:00,2.601
2019-11-25 09:00:00-05:00,4.696
2019-11-25 10:00:00-05:00,6.745
2019-11-25 11:00:00-05:00,8.17
2019-11-25 12:00:00-05:00,9.141
2019-11-25 13:00:00-05:00,9.591
2019-11-25 14:00:00-05:00,9.401
2019-11-25 15:00:00-05:00,7.818
2019-11-25 16:00:00-05:00,4.389
2019-11-25 17:00:00-05:00,3.153
2019-11-25 18:00:00-05:00,2.718
2019-11-25 19:00:00-05:00,2.193
2019-11-25 20:00:00-05:00,1.779
2019-11-25 21:00:00-05:00,1.577
2019-11-25 22:00:00-05:00,2.542
2019-11-25 23:00:00-05:00,3.093
2019-11-26 00:00:00-05:00,3.094
2019-11-26 01:00:00-05:00,2.815
2019-11-26 02:00:00-05:00,2.652
2019-11-26 03:00:00-05:00,2.999
2019-11-26 04:00:00-05:00,3.198
2019-11-26 05:00:00-05:00,3.257
2019-11-26 06:00:00-05:00,3.195
2019-11-26 07:00:00-05:00,3.441
2019-11-26 08:00:00-05:00,4.641
2019-11-26 09:00:00-05:00,6.66
2019-11-26 10:00:00-05:00,9.22
2019-11-26 11:00:00-05:00,11.264
2019-11-26 12:00:00-05:00,12.444
2019-11-26 13:00:00-05:00,12.889
2019-11-26 14:00:00-05:00,12.626
2019-11-26 15:00:00-05:00,11.309
2019-11-26 16:00:00-05:00,8.192
2019-11-26 17:00:00-05:00,6.804
2019-11-26 18:00:00-05:00,6.025
2019-11-26 19:00:00-05:00,5.103
2019-11-26 20:00:00-05:00,4.668
2019-11-26 21:00:00-05:00,4.441
2019-11-26 22:00:00-05:00,4.747
2019-11-26 23:00:00-05:00,4.912
2019-11-27 00:00:00-05:00,5.231
2019-11-27 01:00:00-05:00,5.693
2019-11-27 02:00:00-05:00,5.765
2019-11-27 03:00:00-05:00,5.254
2019-11-27 04:00:00-05:00,4.456
2019-11-27 05:00:00-05:00,4.354
2019-11-27 06:00:00-05:00,4.712
2019-11-27 07:00:00-05:00,4.952
2019-11-27 08:00:00-05:00,5.607
2019-11-27 09:00:00-05:00,6.198
2019-11-27 10:00:00-05:00,7.152
2019-11-27 11:00:00-05:00,8.563
2019-11-27 12:00:00-05:00,10.172
2019-11-27 13:00:00-05:00,11.855
2019-11-27 14:00:00-05:00,11.876
2019-11-27 15:00:00-05:00,10.904
2019-11-27 16:00:00-05:00,9.25
2019-11-27 17:00:00-05:00,8.854
2019-11-27 18:00:00-05:00,8.833
2019-11-27 19:00:00-05:00,8.986
2019-11-27 20:00:00-05:00,9.006
2019-11-27 21:00:00-05:00,8.971
2019-11-27 22:00:00-05:00,8.797
2019-11-27 23:00:00-05:00,8.367
2019-11-28 00:00:00-05:00,7.5120000000000005
2019-11-28 01:00:00-05:00,6.511
2019-11-28 02:00:00-05:00,5.636
2019-11-28 03:00:00-05:00,5.088
2019-11-28 04:00:00-05:00,4.604
2019-11-28 05:00:00-05:00,4.364
2019-11-28 06:00:00-05:00,4.329
2019-11-28 07:00:00-05:00,4.516
2019-11-28 08:00:00-05:00,5.37
2019-11-28 09:00:00-05:00,6.406
2019-11-28 10:00:00-05:00,6.753
2019-11-28 11:00:00-05:00,6.569
2019-11-28 12:00:00-05:00,6.297
2019-11-28 13:00:00-05:00,6.027
2019-11-28 14:00:00-05:00,5.6850000000000005
2019-11-28 15:00:00-05:00,5.001
2019-11-28 16:00:00-05:00,3.914
2019-11-28 17:00:00-05:00,3.014
2019-11-28 18:00:00-05:00,2.116
2019-11-28 19:00:00-05:00,1.259
2019-11-28 20:00:00-05:00,0.428
2019-11-28 21:00:00-05:00,-0.317
2019-11-28 22:00:00-05:00,-0.8300000000000001
2019-11-28 23:00:00-05:00,-1.168
2019-11-29 00:00:00-05:00,-1.482
2019-11-29 01:00:00-05:00,-1.6680000000000001
2019-11-29 02:00:00-05:00,-1.799
2019-11-29 03:00:00-05:00,-1.935
2019-11-29 04:00:00-05:00,-2.2
2019-11-29 05:00:00-05:00,-2.474
2019-11-29 06:00:00-05:00,-2.65
2019-11-29 07:00:00-05:00,-2.517
2019-11-29 08:00:00-05:00,-1.327
2019-11-29 09:00:00-05:00,0.28500000000000003
2019-11-29 10:00:00-05:00,1.876
2019-11-29 11:00:00-05:00,2.903
2019-11-29 12:00:00-05:00,3.6390000000000002
2019-11-29 13:00:00-05:00,3.759
2019-11-29 14:00:00-05:00,3.349
2019-11-29 15:00:00-05:00,2.394
2019-11-29 16:00:00-05:00,1.126
2019-11-29 17:00:00-05:00,0.249
2019-11-29 18:00:00-05:00,-0.198
2019-11-29 19:00:00-05:00,-0.451
2019-11-29 20:00:00-05:00,-0.781
2019-11-29 21:00:00-05:00,-1.186
2019-11-29 22:00:00-05:00,-1.468
2019-11-29 23:00:00-05:00,-1.633
2019-11-30 00:00:00-05:00,-1.806
2019-11-30 01:00:00-05:00,-1.941
2019-11-30 02:00:00-05:00,-2.133
2019-11-30 03:00:00-05:00,-2.434
2019-11-30 04:00:00-05:00,-3.111
2019-11-30 05:00:00-05:00,-3.505
2019-11-30 06:00:00-05:00,-3.81
2019-11-30 07:00:00-05:00,-3.89
2019-11-30 08:00:00-05:00,-2.724
2019-11-30 09:00:00-05:00,-1.021
2019-11-30 10:00:00-05:00,0.5680000000000001
2019-11-30 11:00:00-05:00,1.786
2019-11-30 12:00:00-05:00,2.583
2019-11-30 13:00:00-05:00,2.805
2019-11-30 14:00:00-05:00,2.377
2019-11-30 15:00:00-05:00,1.185
2019-11-30 16:00:00-05:00,-0.925
2019-11-30 17:00:00-05:00,-2.094
2019-11-30 18:00:00-05:00,-2.814
2019-11-30 19:00:00-05:00,-3.424
2019-11-30 20:00:00-05:00,-3.95
2019-11-30 21:00:00-05:00,-4.241
2019-11-30 22:00:00-05:00,-4.542
2019-11-30 23:00:00-05:00,-4.7780000000000005
2019-12-01 00:00:00-05:00,-5.067
2019-12-01 01:00:00-05:00,-5.35
2019-12-01 02:00:00-05:00,-5.548
2019-12-01 03:00:00-05:00,-5.513
2019-12-01 04:00:00-05:00,-5.658
2019-12-01 05:00:00-05:00,-5.604
2019-12-01 06:00:00-05:00,-5.557
2019-12-01 07:00:00-05:00,-5.355
2019-12-01 08:00:00-05:00,-4.355
2019-12-01 09:00:00-05:00,-3.079
2019-12-01 10:00:00-05:00,-2.043
2019-12-01 11:00:00-05:00,-1.388
2019-12-01 12:00:00-05:00,-1.064
2019-12-01 13:00:00-05:00,-1.063
2019-12-01 14:00:00-05:00,-1.209
2019-12-01 15:00:00-05:00,-1.258
2019-12-01 16:00:00-05:00,-1.391
2019-12-01 17:00:00-05:00,-1.429
2019-12-01 18:00:00-05:00,-1.306
2019-12-01 19:00:00-05:00,-1.061
2019-12-01 20:00:00-05:00,-0.8270000000000001
2019-12-01 21:00:00-05:00,-0.626
2019-12-01 22:00:00-05:00,-0.42
2019-12-01 23:00:00-05:00,-0.19
2019-12-02 00:00:00-05:00,-0.018000000000000002
2019-12-02 01:00:00-05:00,0.12
2019-12-02 02:00:00-05:00,0.161
2019-12-02 03:00:00-05:00,0.17400000000000002
2019-12-02 04:00:00-05:00,0.199
2019-12-02 05:00:00-05:00,0.227
2019-12-02 06:00:00-05:00,0.273
2019-12-02 07:00:00-05:00,0.32
2019-12-02 08:00:00-05:00,0.358
2019-12-02 09:00:00-05:00,0.40800000000000003
2019-12-02 10:00:00-05:00,0.5
2019-12-02 11:00:00-05:00,0.685
2019-12-02 12:00:00-05:00,0.86
2019-12-02 13:00:00-05:00,0.863
2019-12-02 14:00:00-05:00,0.7010000000000001
2019-12-02 15:00:00-05:00,0.368
2019-12-02 16:00:00-05:00,-0.105
2019-12-02 17:00:00-05:00,-0.663
2019-12-02 18:00:00-05:00,-1.235
2019-12-02 19:00:00-05:00,-1.874
2019-12-02 20:00:00-05:00,-2.484
2019-12-02 21:00:00-05:00,-2.973
2019-12-02 22:00:00-05:00,-3.286
2019-12-02 23:00:00-05:00,-3.367
2019-12-03 00:00:00-05:00,-3.325
2019-12-03 01:00:00-05:00,-3.285
2019-12-03 02:00:00-05:00,-3.265
2019-12-03 03:00:00-05:00,-3.286
2019-12-03 04:00:00-05:00,-3.433
2019-12-03 05:00:00-05:00,-3.585
2019-12-03 06:00:00-05:00,-3.846
2019-12-03 07:00:00-05:00,-4.087
2019-12-03 08:00:00-05:00,-3.729
2019-12-03 09:00:00-05:00,-2.8280000000000003
2019-12-03 10:00:00-05:00,-1.7610000000000001
2019-12-03 11:00:00-05:00,-0.9530000000000001
2019-12-03 12:00:00-05:00,-0.435
2019-12-03 13:00:00-05:00,-0.319
2019-12-03 14:00:00-05:00,-0.47600000000000003
2019-12-03 15:00:00-05:00,-0.993
2019-12-03 16:00:00-05:00,-1.842
2019-12-03 17:00:00-05:00,-2.437
2019-12-03 18:00:00-05:00,-2.875
2019-12-03 19:00:00-05:00,-3.286
2019-12-03 20:00:00-05:00,-3.899
2019-12-03 21:00:00-05:00,-4.9510000000000005
2019-12-03 22:00:00-05:00,-5.901
2019-12-03 23:00:00-05:00,-6.215
2019-12-04 00:00:00-05:00,-6.45
2019-12-04 01:00:00-05:00,-6.607
2019-12-04 02:00:00-05:00,-6.333
2019-12-04 03:00:00-05:00,-5.687
2019-12-04 04:00:00-05:00,-5.121
2019-12-04 05:00:00-05:00,-4.671
2019-12-04 06:00:00-05:00,-4.261
2019-12-04 07:00:00-05:00,-3.896
2019-12-04 08:00:00-05:00,-2.586
2019-12-04 09:00:00-05:00,-0.521
2019-12-04 10:00:00-05:00,0.987
2019-12-04 11:00:00-05:00,1.6
2019-12-04 12:00:00-05:00,1.649
2019-12-04 13:00:00-05:00,1.484
2019-12-04 14:00:00-05:00,1.201
2019-12-04 15:00:00-05:00,0.606
2019-12-04 16:00:00-05:00,-0.588
2019-12-04 17:00:00-05:00,-1.072
2019-12-04 18:00:00-05:00,-1.138
2019-12-04 19:00:00-05:00,-1.259
2019-12-04 20:00:00-05:00,-1.349
2019-12-04 21:00:00-05:00,-1.354
2019-12-04 22:00:00-05:00,-1.434
2019-12-04 23:00:00-05:00,-1.615
2019-12-05 00:00:00-05:00,-1.729
2019-12-05 01:00:00-05:00,-1.853
2019-12-05 02:00:00-05:00,-1.9340000000000002
2019-12-05 03:00:00-05:00,-2.038
2019-12-05 04:00:00-05:00,-2.035
2019-12-05 05:00:00-05:00,-1.994
2019-12-05 06:00:00-05:00,-2.499
2019-12-05 07:00:00-05:00,-2.8200000000000003
2019-12-05 08:00:00-05:00,-1.094
2019-12-05 09:00:00-05:00,0.758
2019-12-05 10:00:00-05:00,1.824
2019-12-05 11:00:00-05:00,2.147
2019-12-05 12:00:00-05:00,2.197
2019-12-05 13:00:00-05:00,1.959
2019-12-05 14:00:00-05:00,1.482
2019-12-05 15:00:00-05:00,0.7010000000000001
2019-12-05 16:00:00-05:00,-0.256
2019-12-05 17:00:00-05:00,-0.842
2019-12-05 18:00:00-05:00,-1.258
2019-12-05 19:00:00-05:00,-1.5859999999999999
2019-12-05 20:00:00-05:00,-1.877
2019-12-05 21:00:00-05:00,-2.379
2019-12-05 22:00:00-05:00,-2.833
2019-12-05 23:00:00-05:00,-3.356
2019-12-06 00:00:00-05:00,-4.004
2019-12-06 01:00:00-05:00,-4.578
2019-12-06 02:00:00-05:00,-5.395
2019-12-06 03:00:00-05:00,-6.26
2019-12-06 04:00:00-05:00,-6.269
2019-12-06 05:00:00-05:00,-6.033
2019-12-06 06:00:00-05:00,-5.729
2019-12-06 07:00:00-05:00,-5.033
2019-12-06 08:00:00-05:00,-2.779
2019-12-06 09:00:00-05:00,-0.091
2019-12-06 10:00:00-05:00,1.176
2019-12-06 11:00:00-05:00,1.683
2019-12-06 12:00:00-05:00,1.928
2019-12-06 13:00:00-05:00,2.311
2019-12-06 14:00:00-05:00,2.69
2019-12-06 15:00:00-05:00,2.893
2019-12-06 16:00:00-05:00,2.98
2019-12-06 17:00:00-05:00,3.025
2019-12-06 18:00:00-05:00,2.699
2019-12-06 19:00:00-05:00,1.9100000000000001
2019-12-06 20:00:00-05:00,1.254
2019-12-06 21:00:00-05:00,0.46
2019-12-06 22:00:00-05:00,-0.664
2019-12-06 23:00:00-05:00,-1.708
2019-12-07 00:00:00-05:00,-2.752
2019-12-07 01:00:00-05:00,-3.965
2019-12-07 02:00:00-05:00,-4.897
2019-12-07 03:00:00-05:00,-5.608
2019-12-07 04:00:00-05:00,-6.263
2019-12-07 05:00:00-05:00,-6.666
2019-12-07 06:00:00-05:00,-6.746
2019-12-07 07:00:00-05:00,-6.636
2019-12-07 08:00:00-05:00,-4.957
2019-12-07 09:00:00-05:00,-2.613
2019-12-07 10:00:00-05:00,-1.302
2019-12-07 11:00:00-05:00,-0.453
2019-12-07 12:00:00-05:00,-0.078
2019-12-07 13:00:00-05:00,-0.193
2019-12-07 14:00:00-05:00,-0.723
2019-12-07 15:00:00-05:00,-1.706
2019-12-07 16:00:00-05:00,-3.535
2019-12-07 17:00:00-05:00,-4.872
2019-12-07 18:00:00-05:00,-5.853
2019-12-07 19:00:00-05:00,-6.622
2019-12-07 20:00:00-05:00,-7.133
2019-12-07 21:00:00-05:00,-7.716
2019-12-07 22:00:00-05:00,-8.216
2019-12-07 23:00:00-05:00,-8.702
2019-12-08 00:00:00-05:00,-9.153
2019-12-08 01:00:00-05:00,-9.653
2019-12-08 02:00:00-05:00,-10.064
2019-12-08 03:00:00-05:00,-10.361
2019-12-08 04:00:00-05:00,-10.528
2019-12-08 05:00:00-05:00,-10.612
2019-12-08 06:00:00-05:00,-10.671
2019-12-08 07:00:00-05:00,-10.412
2019-12-08 08:00:00-05:00,-8.652
2019-12-08 09:00:00-05:00,-5.599
2019-12-08 10:00:00-05:00,-2.463
2019-12-08 11:00:00-05:00,-0.6960000000000001
2019-12-08 12:00:00-05:00,0.242
2019-12-08 13:00:00-05:00,0.536
2019-12-08 14:00:00-05:00,0.254
2019-12-08 15:00:00-05:00,-0.34400000000000003
2019-12-08 16:00:00-05:00,-1.658
2019-12-08 17:00:00-05:00,-2.138
2019-12-08 18:00:00-05:00,-1.944
2019-12-08 19:00:00-05:00,-1.428
2019-12-08 20:00:00-05:00,-0.835
2019-12-08 21:00:00-05:00,-0.23600000000000002
2019-12-08 22:00:00-05:00,0.233
2019-12-08 23:00:00-05:00,0.6920000000000001
2019-12-09 00:00:00-05:00,0.9540000000000001
2019-12-09 01:00:00-05:00,1.099
2019-12-09 02:00:00-05:00,1.6520000000000001
2019-12-09 03:00:00-05:00,2.371
2019-12-09 04:00:00-05:00,2.677
2019-12-09 05:00:00-05:00,2.547
2019-12-09 06:00:00-05:00,2.557
2019-12-09 07:00:00-05:00,2.621
2019-12-09 08:00:00-05:00,3.235
2019-12-09 09:00:00-05:00,5.748
2019-12-09 10:00:00-05:00,7.037
2019-12-09 11:00:00-05:00,7.719
2019-12-09 12:00:00-05:00,8.69
2019-12-09 13:00:00-05:00,9.342
2019-12-09 14:00:00-05:00,9.301
2019-12-09 15:00:00-05:00,8.682
2019-12-09 16:00:00-05:00,7.877
2019-12-09 17:00:00-05:00,7.624
2019-12-09 18:00:00-05:00,8.104
2019-12-09 19:00:00-05:00,8.572
2019-12-09 20:00:00-05:00,9.394
2019-12-09 21:00:00-05:00,10.252
2019-12-09 22:00:00-05:00,10.678
2019-12-09 23:00:00-05:00,10.555
2019-12-10 00:00:00-05:00,10.378
2019-12-10 01:00:00-05:00,10.183
2019-12-10 02:00:00-05:00,10.05
2019-12-10 03:00:00-05:00,9.958
2019-12-10 04:00:00-05:00,9.858
2019-12-10 05:00:00-05:00,9.825
2019-12-10 06:00:00-05:00,9.732
2019-12-10 07:00:00-05:00,9.637
2019-12-10 08:00:00-05:00,10.065
2019-12-10 09:00:00-05:00,10.611
2019-12-10 10:00:00-05:00,11.241
2019-12-10 11:00:00-05:00,12.291
2019-12-10 12:00:00-05:00,12.696
2019-12-10 13:00:00-05:00,12.673
2019-12-10 14:00:00-05:00,12.152
2019-12-10 15:00:00-05:00,11.187
2019-12-10 16:00:00-05:00,9.862
2019-12-10 17:00:00-05:00,8.506
2019-12-10 18:00:00-05:00,7.431
2019-12-10 19:00:00-05:00,6.604
2019-12-10 20:00:00-05:00,5.808
2019-12-10 21:00:00-05:00,4.932
2019-12-10 22:00:00-05:00,3.948
2019-12-10 23:00:00-05:00,2.884
2019-12-11 00:00:00-05:00,1.8210000000000002
2019-12-11 01:00:00-05:00,1.092
2019-12-11 02:00:00-05:00,0.47200000000000003
2019-12-11 03:00:00-05:00,-0.124
2019-12-11 04:00:00-05:00,-0.621
2019-12-11 05:00:00-05:00,-1.049
2019-12-11 06:00:00-05:00,-1.447
2019-12-11 07:00:00-05:00,-1.794
2019-12-11 08:00:00-05:00,-1.804
2019-12-11 09:00:00-05:00,-1.468
2019-12-11 10:00:00-05:00,-0.637
2019-12-11 11:00:00-05:00,0.434
2019-12-11 12:00:00-05:00,0.973
2019-12-11 13:00:00-05:00,1.089
2019-12-11 14:00:00-05:00,0.801
2019-12-11 15:00:00-05:00,-0.194
2019-12-11 16:00:00-05:00,-2.697
2019-12-11 17:00:00-05:00,-3.156
2019-12-11 18:00:00-05:00,-2.896
2019-12-11 19:00:00-05:00,-3.013
2019-12-11 20:00:00-05:00,-3.352
2019-12-11 21:00:00-05:00,-3.463
2019-12-11 22:00:00-05:00,-3.52
2019-12-11 23:00:00-05:00,-3.6029999999999998
2019-12-12 00:00:00-05:00,-3.811
2019-12-12 01:00:00-05:00,-4.342
2019-12-12 02:00:00-05:00,-5.188
2019-12-12 03:00:00-05:00,-5.882
2019-12-12 04:00:00-05:00,-6.319
2019-12-12 05:00:00-05:00,-6.507
2019-12-12 06:00:00-05:00,-6.58
2019-12-12 07:00:00-05:00,-6.389
2019-12-12 08:00:00-05:00,-4.8100000000000005
2019-12-12 09:00:00-05:00,-3.038
2019-12-12 10:00:00-05:00,-1.799
2019-12-12 11:00:00-05:00,-0.883
2019-12-12 12:00:00-05:00,-0.163
2019-12-12 13:00:00-05:00,0.227
2019-12-12 14:00:00-05:00,0.197
2019-12-12 15:00:00-05:00,-0.624
2019-12-12 16:00:00-05:00,-1.904
2019-12-12 17:00:00-05:00,-2.81
2019-12-12 18:00:00-05:00,-3.815
2019-12-12 19:00:00-05:00,-4.405
2019-12-12 20:00:00-05:00,-4.366
2019-12-12 21:00:00-05:00,-3.857
2019-12-12 22:00:00-05:00,-3.56
2019-12-12 23:00:00-05:00,-3.188
2019-12-13 00:00:00-05:00,-2.719
2019-12-13 01:00:00-05:00,-2.292
2019-12-13 02:00:00-05:00,-1.929
2019-12-13 03:00:00-05:00,-1.579
2019-12-13 04:00:00-05:00,-1.316
2019-12-13 05:00:00-05:00,-1.112
2019-12-13 06:00:00-05:00,-0.631
2019-12-13 07:00:00-05:00,-0.248
2019-12-13 08:00:00-05:00,0.791
2019-12-13 09:00:00-05:00,1.798
2019-12-13 10:00:00-05:00,2.818
2019-12-13 11:00:00-05:00,3.661
2019-12-13 12:00:00-05:00,3.9290000000000003
2019-12-13 13:00:00-05:00,3.831
2019-12-13 14:00:00-05:00,3.948
2019-12-13 15:00:00-05:00,3.755
2019-12-13 16:00:00-05:00,3.774
2019-12-13 17:00:00-05:00,3.894
2019-12-13 18:00:00-05:00,3.795
2019-12-13 19:00:00-05:00,3.683
2019-12-13 20:00:00-05:00,3.716
2019-12-13 21:00:00-05:00,3.778
2019-12-13 22:00:00-05:00,4.229
2019-12-13 23:00:00-05:00,5.321
2019-12-14 00:00:00-05:00,6.175
2019-12-14 01:00:00-05:00,6.412
2019-12-14 02:00:00-05:00,6.64
2019-12-14 03:00:00-05:00,7.05
2019-12-14 04:00:00-05:00,7.765
2019-12-14 05:00:00-05:00,7.663
2019-12-14 06:00:00-05:00,7.099
2019-12-14 07:00:00-05:00,7.454
2019-12-14 08:00:00-05:00,8.21
2019-12-14 09:00:00-05:00,9.415
2019-12-14 10:00:00-05:00,10.679
2019-12-14 11:00:00-05:00,11.416
2019-12-14 12:00:00-05:00,12.035
2019-12-14 13:00:00-05:00,11.939
2019-12-14 14:00:00-05:00,11.657
2019-12-14 15:00:00-05:00,11.406
2019-12-14 16:00:00-05:00,11.749
2019-12-14 17:00:00-05:00,12.15
2019-12-14 18:00:00-05:00,11.704
2019-12-14 19:00:00-05:00,10.743
2019-12-14 20:00:00-05:00,9.285
2019-12-14 21:00:00-05:00,7.622
2019-12-14 22:00:00-05:00,6.019
2019-12-14 23:00:00-05:00,4.763
2019-12-15 00:00:00-05:00,3.961
2019-12-15 01:00:00-05:00,3.49
2019-12-15 02:00:00-05:00,3.245
2019-12-15 03:00:00-05:00,3.137
2019-12-15 04:00:00-05:00,3.213
2019-12-15 05:00:00-05:00,3.345
2019-12-15 06:00:00-05:00,3.157
2019-12-15 07:00:00-05:00,2.959
2019-12-15 08:00:00-05:00,3.643
2019-12-15 09:00:00-05:00,4.869
2019-12-15 10:00:00-05:00,5.679
2019-12-15 11:00:00-05:00,6.046
2019-12-15 12:00:00-05:00,6.128
2019-12-15 13:00:00-05:00,5.694
2019-12-15 14:00:00-05:00,5.028
2019-12-15 15:00:00-05:00,4.123
2019-12-15 16:00:00-05:00,3.19
2019-12-15 17:00:00-05:00,2.307
2019-12-15 18:00:00-05:00,1.289
2019-12-15 19:00:00-05:00,0.263
2019-12-15 20:00:00-05:00,-0.581
2019-12-15 21:00:00-05:00,-1.183
2019-12-15 22:00:00-05:00,-1.759
2019-12-15 23:00:00-05:00,-2.21
2019-12-16 00:00:00-05:00,-2.513
2019-12-16 01:00:00-05:00,-2.597
2019-12-16 02:00:00-05:00,-2.749
2019-12-16 03:00:00-05:00,-3.278
2019-12-16 04:00:00-05:00,-2.981
2019-12-16 05:00:00-05:00,-3.284
2019-12-16 06:00:00-05:00,-3.517
2019-12-16 07:00:00-05:00,-3.198
2019-12-16 08:00:00-05:00,-1.9100000000000001
2019-12-16 09:00:00-05:00,-0.764
2019-12-16 10:00:00-05:00,0.256
2019-12-16 11:00:00-05:00,0.925
2019-12-16 12:00:00-05:00,1.423
2019-12-16 13:00:00-05:00,1.736
2019-12-16 14:00:00-05:00,1.5670000000000002
2019-12-16 15:00:00-05:00,0.272
2019-12-16 16:00:00-05:00,-1.432
2019-12-16 17:00:00-05:00,-1.439
2019-12-16 18:00:00-05:00,-1.185
2019-12-16 19:00:00-05:00,-1.297
2019-12-16 20:00:00-05:00,-1.577
2019-12-16 21:00:00-05:00,-1.729
2019-12-16 22:00:00-05:00,-1.7189999999999999
2019-12-16 23:00:00-05:00,-1.818
2019-12-17 00:00:00-05:00,-1.937
2019-12-17 01:00:00-05:00,-1.794
2019-12-17 02:00:00-05:00,-1.853
2019-12-17 03:00:00-05:00,-2.124
2019-12-17 04:00:00-05:00,-2.386
2019-12-17 05:00:00-05:00,-2.563
2019-12-17 06:00:00-05:00,-2.648
2019-12-17 07:00:00-05:00,-2.694
2019-12-17 08:00:00-05:00,-2.637
2019-12-17 09:00:00-05:00,-2.454
2019-12-17 10:00:00-05:00,-2.334
2019-12-17 11:00:00-05:00,-2.134
2019-12-17 12:00:00-05:00,-1.557
2019-12-17 13:00:00-05:00,-1.371
2019-12-17 14:00:00-05:00,-1.407
2019-12-17 15:00:00-05:00,-1.5310000000000001
2019-12-17 16:00:00-05:00,-1.595
2019-12-17 17:00:00-05:00,-1.408
2019-12-17 18:00:00-05:00,-1.3
2019-12-17 19:00:00-05:00,-1.3820000000000001
2019-12-17 20:00:00-05:00,-1.651
2019-12-17 21:00:00-05:00,-2.106
2019-12-17 22:00:00-05:00,-2.715
2019-12-17 23:00:00-05:00,-3.311
2019-12-18 00:00:00-05:00,-4.016
2019-12-18 01:00:00-05:00,-4.87
2019-12-18 02:00:00-05:00,-5.594
2019-12-18 03:00:00-05:00,-5.995
2019-12-18 04:00:00-05:00,-6.129
2019-12-18 05:00:00-05:00,-6.162
2019-12-18 06:00:00-05:00,-6.216
2019-12-18 07:00:00-05:00,-6.416
2019-12-18 08:00:00-05:00,-4.513
2019-12-18 09:00:00-05:00,-1.319
2019-12-18 10:00:00-05:00,0.097
2019-12-18 11:00:00-05:00,0.678
2019-12-18 12:00:00-05:00,0.8300000000000001
2019-12-18 13:00:00-05:00,0.602
2019-12-18 14:00:00-05:00,-0.013000000000000001
2019-12-18 15:00:00-05:00,-0.892
2019-12-18 16:00:00-05:00,-2.06
2019-12-18 17:00:00-05:00,-3.081
2019-12-18 18:00:00-05:00,-3.949
2019-12-18 19:00:00-05:00,-4.676
2019-12-18 20:00:00-05:00,-5.309
2019-12-18 21:00:00-05:00,-5.985
2019-12-18 22:00:00-05:00,-6.76
2019-12-18 23:00:00-05:00,-7.921
2019-12-19 00:00:00-05:00,-9.085
2019-12-19 01:00:00-05:00,-9.573
2019-12-19 02:00:00-05:00,-9.773
2019-12-19 03:00:00-05:00,-10.27
2019-12-19 04:00:00-05:00,-10.908
2019-12-19 05:00:00-05:00,-11.47
2019-12-19 06:00:00-05:00,-11.924
2019-12-19 07:00:00-05:00,-12.257
2019-12-19 08:00:00-05:00,-11.895
2019-12-19 09:00:00-05:00,-11.062
2019-12-19 10:00:00-05:00,-9.987
2019-12-19 11:00:00-05:00,-8.925
2019-12-19 12:00:00-05:00,-8.052
2019-12-19 13:00:00-05:00,-7.494
2019-12-19 14:00:00-05:00,-7.417
2019-12-19 15:00:00-05:00,-7.897
2019-12-19 16:00:00-05:00,-8.743
2019-12-19 17:00:00-05:00,-9.246
2019-12-19 18:00:00-05:00,-9.677
2019-12-19 19:00:00-05:00,-10.23
2019-12-19 20:00:00-05:00,-10.685
2019-12-19 21:00:00-05:00,-11.298
2019-12-19 22:00:00-05:00,-11.615
2019-12-19 23:00:00-05:00,-11.739
2019-12-20 00:00:00-05:00,-11.769
2019-12-20 01:00:00-05:00,-11.75
2019-12-20 02:00:00-05:00,-11.725999999999999
2019-12-20 03:00:00-05:00,-11.829
2019-12-20 04:00:00-05:00,-12.074
2019-12-20 05:00:00-05:00,-12.303
2019-12-20 06:00:00-05:00,-12.466
2019-12-20 07:00:00-05:00,-12.42
2019-12-20 08:00:00-05:00,-10.285
2019-12-20 09:00:00-05:00,-8.309
2019-12-20 10:00:00-05:00,-6.698
2019-12-20 11:00:00-05:00,-5.078
2019-12-20 12:00:00-05:00,-3.697
2019-12-20 13:00:00-05:00,-2.8
2019-12-20 14:00:00-05:00,-2.555
2019-12-20 15:00:00-05:00,-3.351
2019-12-20 16:00:00-05:00,-5.934
2019-12-20 17:00:00-05:00,-7.276
2019-12-20 18:00:00-05:00,-8.134
2019-12-20 19:00:00-05:00,-8.841
2019-12-20 20:00:00-05:00,-9.389
2019-12-20 21:00:00-05:00,-9.773
2019-12-20 22:00:00-05:00,-10.049
2019-12-20 23:00:00-05:00,-10.283
2019-12-21 00:00:00-05:00,-10.423
2019-12-21 01:00:00-05:00,-10.493
2019-12-21 02:00:00-05:00,-10.576
2019-12-21 03:00:00-05:00,-10.65
2019-12-21 04:00:00-05:00,-10.513
2019-12-21 05:00:00-05:00,-10.027
2019-12-21 06:00:00-05:00,-9.482
2019-12-21 07:00:00-05:00,-9.037
2019-12-21 08:00:00-05:00,-7.78
2019-12-21 09:00:00-05:00,-5.594
2019-12-21 10:00:00-05:00,-4.001
2019-12-21 11:00:00-05:00,-2.87
2019-12-21 12:00:00-05:00,-2.16
2019-12-21 13:00:00-05:00,-1.824
2019-12-21 14:00:00-05:00,-1.833
2019-12-21 15:00:00-05:00,-2.195
2019-12-21 16:00:00-05:00,-3.208
2019-12-21 17:00:00-05:00,-3.836
2019-12-21 18:00:00-05:00,-4.336
2019-12-21 19:00:00-05:00,-4.617
2019-12-21 20:00:00-05:00,-4.819
2019-12-21 21:00:00-05:00,-5.16
2019-12-21 22:00:00-05:00,-5.687
2019-12-21 23:00:00-05:00,-6.074
2019-12-22 00:00:00-05:00,-5.675
2019-12-22 01:00:00-05:00,-5.476
2019-12-22 02:00:00-05:00,-6.135
2019-12-22 03:00:00-05:00,-6.39
2019-12-22 04:00:00-05:00,-6.438
2019-12-22 05:00:00-05:00,-6.244
2019-12-22 06:00:00-05:00,-5.792
2019-12-22 07:00:00-05:00,-6.003
2019-12-22 08:00:00-05:00,-4.079
2019-12-22 09:00:00-05:00,-1.669
2019-12-22 10:00:00-05:00,-0.05
2019-12-22 11:00:00-05:00,1.28
2019-12-22 12:00:00-05:00,2.168
2019-12-22 13:00:00-05:00,2.551
2019-12-22 14:00:00-05:00,2.319
2019-12-22 15:00:00-05:00,1.268
2019-12-22 16:00:00-05:00,-0.20700000000000002
2019-12-22 17:00:00-05:00,-0.23800000000000002
2019-12-22 18:00:00-05:00,-0.613
2019-12-22 19:00:00-05:00,-0.503
2019-12-22 20:00:00-05:00,-0.55
2019-12-22 21:00:00-05:00,-0.796
2019-12-22 22:00:00-05:00,-1.199
2019-12-22 23:00:00-05:00,-1.32
2019-12-23 00:00:00-05:00,-1.6560000000000001
2019-12-23 01:00:00-05:00,-2.025
2019-12-23 02:00:00-05:00,-2.211
2019-12-23 03:00:00-05:00,-2.258
2019-12-23 04:00:00-05:00,-2.364
2019-12-23 05:00:00-05:00,-2.478
2019-12-23 06:00:00-05:00,-2.617
2019-12-23 07:00:00-05:00,-2.593
2019-12-23 08:00:00-05:00,-0.04
2019-12-23 09:00:00-05:00,1.847
2019-12-23 10:00:00-05:00,3.478
2019-12-23 11:00:00-05:00,5.029
2019-12-23 12:00:00-05:00,6.118
2019-12-23 13:00:00-05:00,6.433
2019-12-23 14:00:00-05:00,5.656
2019-12-23 15:00:00-05:00,3.977
2019-12-23 16:00:00-05:00,2.991
2019-12-23 17:00:00-05:00,2.618
2019-12-23 18:00:00-05:00,2.253
2019-12-23 19:00:00-05:00,2.356
2019-12-23 20:00:00-05:00,2.236
2019-12-23 21:00:00-05:00,1.917
2019-12-23 22:00:00-05:00,1.416
2019-12-23 23:00:00-05:00,1.225
2019-12-24 00:00:00-05:00,1.029
2019-12-24 01:00:00-05:00,0.595
2019-12-24 02:00:00-05:00,0.154
2019-12-24 03:00:00-05:00,-0.781
2019-12-24 04:00:00-05:00,-1.395
2019-12-24 05:00:00-05:00,-1.843
2019-12-24 06:00:00-05:00,-2.217
2019-12-24 07:00:00-05:00,-2.237
2019-12-24 08:00:00-05:00,-0.328
2019-12-24 09:00:00-05:00,1.338
2019-12-24 10:00:00-05:00,2.601
2019-12-24 11:00:00-05:00,3.653
2019-12-24 12:00:00-05:00,4.344
2019-12-24 13:00:00-05:00,4.451
2019-12-24 14:00:00-05:00,3.844
2019-12-24 15:00:00-05:00,1.588
2019-12-24 16:00:00-05:00,-1.616
2019-12-24 17:00:00-05:00,-2.044
2019-12-24 18:00:00-05:00,-2.305
2019-12-24 19:00:00-05:00,-2.593
2019-12-24 20:00:00-05:00,-2.879
2019-12-24 21:00:00-05:00,-3.267
2019-12-24 22:00:00-05:00,-3.321
2019-12-24 23:00:00-05:00,-3.042
2019-12-25 00:00:00-05:00,-3.426
2019-12-25 01:00:00-05:00,-3.674
2019-12-25 02:00:00-05:00,-3.878
2019-12-25 03:00:00-05:00,-3.998
2019-12-25 04:00:00-05:00,-3.996
2019-12-25 05:00:00-05:00,-4.109
2019-12-25 06:00:00-05:00,-3.887
2019-12-25 07:00:00-05:00,-3.548
2019-12-25 08:00:00-05:00,-1.8359999999999999
2019-12-25 09:00:00-05:00,0.372
2019-12-25 10:00:00-05:00,2.277
2019-12-25 11:00:00-05:00,3.55
2019-12-25 12:00:00-05:00,4.045
2019-12-25 13:00:00-05:00,3.9619999999999997
2019-12-25 14:00:00-05:00,3.329
2019-12-25 15:00:00-05:00,1.5710000000000002
2019-12-25 16:00:00-05:00,0.219
2019-12-25 17:00:00-05:00,-0.08700000000000001
2019-12-25 18:00:00-05:00,-0.389
2019-12-25 19:00:00-05:00,-0.343
2019-12-25 20:00:00-05:00,0.266
2019-12-25 21:00:00-05:00,0.71
2019-12-25 22:00:00-05:00,0.387
2019-12-25 23:00:00-05:00,-0.483
2019-12-26 00:00:00-05:00,-0.977
2019-12-26 01:00:00-05:00,-0.633
2019-12-26 02:00:00-05:00,-0.311
2019-12-26 03:00:00-05:00,-0.14400000000000002
2019-12-26 04:00:00-05:00,-0.11900000000000001
2019-12-26 05:00:00-05:00,-0.097
2019-12-26 06:00:00-05:00,-0.23600000000000002
2019-12-26 07:00:00-05:00,-0.308
2019-12-26 08:00:00-05:00,0.232
2019-12-26 09:00:00-05:00,1.143
2019-12-26 10:00:00-05:00,2.258
2019-12-26 11:00:00-05:00,3.216
2019-12-26 12:00:00-05:00,3.91
2019-12-26 13:00:00-05:00,4.007
2019-12-26 14:00:00-05:00,3.122
2019-12-26 15:00:00-05:00,1.6920000000000002
2019-12-26 16:00:00-05:00,0.768
2019-12-26 17:00:00-05:00,0.975
2019-12-26 18:00:00-05:00,0.8170000000000001
2019-12-26 19:00:00-05:00,0.681
2019-12-26 20:00:00-05:00,0.365
2019-12-26 21:00:00-05:00,0.032
2019-12-26 22:00:00-05:00,-0.14300000000000002
2019-12-26 23:00:00-05:00,-0.136
2019-12-27 00:00:00-05:00,-0.10400000000000001
2019-12-27 01:00:00-05:00,-0.037
2019-12-27 02:00:00-05:00,0.138
2019-12-27 03:00:00-05:00,0.428
2019-12-27 04:00:00-05:00,0.9450000000000001
2019-12-27 05:00:00-05:00,1.425
2019-12-27 06:00:00-05:00,1.6960000000000002
2019-12-27 07:00:00-05:00,1.9260000000000002
2019-12-27 08:00:00-05:00,2.715
2019-12-27 09:00:00-05:00,3.69
2019-12-27 10:00:00-05:00,4.902
2019-12-27 11:00:00-05:00,6.156
2019-12-27 12:00:00-05:00,7.077
2019-12-27 13:00:00-05:00,7.373
2019-12-27 14:00:00-05:00,7.047
2019-12-27 15:00:00-05:00,6.212
2019-12-27 16:00:00-05:00,5.6370000000000005
2019-12-27 17:00:00-05:00,5.025
2019-12-27 18:00:00-05:00,4.413
2019-12-27 19:00:00-05:00,4.242
2019-12-27 20:00:00-05:00,3.6189999999999998
2019-12-27 21:00:00-05:00,3.144
2019-12-27 22:00:00-05:00,2.743
2019-12-27 23:00:00-05:00,2.586
2019-12-28 00:00:00-05:00,2.501
2019-12-28 01:00:00-05:00,2.4
2019-12-28 02:00:00-05:00,1.9809999999999999
2019-12-28 03:00:00-05:00,1.7229999999999999
2019-12-28 04:00:00-05:00,1.405
2019-12-28 05:00:00-05:00,0.9590000000000001
2019-12-28 06:00:00-05:00,0.632
2019-12-28 07:00:00-05:00,0.082
2019-12-28 08:00:00-05:00,1.716
2019-12-28 09:00:00-05:00,3.608
2019-12-28 10:00:00-05:00,5.003
2019-12-28 11:00:00-05:00,5.924
2019-12-28 12:00:00-05:00,6.43
2019-12-28 13:00:00-05:00,6.482
2019-12-28 14:00:00-05:00,5.891
2019-12-28 15:00:00-05:00,3.674
2019-12-28 16:00:00-05:00,0.36
2019-12-28 17:00:00-05:00,-0.5700000000000001
2019-12-28 18:00:00-05:00,-0.746
2019-12-28 19:00:00-05:00,-0.673
2019-12-28 20:00:00-05:00,-0.849
2019-12-28 21:00:00-05:00,-0.864
2019-12-28 22:00:00-05:00,-0.723
2019-12-28 23:00:00-05:00,-0.932
2019-12-29 00:00:00-05:00,-1.241
2019-12-29 01:00:00-05:00,-1.479
2019-12-29 02:00:00-05:00,-1.487
2019-12-29 03:00:00-05:00,-1.795
2019-12-29 04:00:00-05:00,-2.073
2019-12-29 05:00:00-05:00,-2.471
2019-12-29 06:00:00-05:00,-2.659
2019-12-29 07:00:00-05:00,-2.222
2019-12-29 08:00:00-05:00,0.011
2019-12-29 09:00:00-05:00,1.92
2019-12-29 10:00:00-05:00,3.062
2019-12-29 11:00:00-05:00,3.613
2019-12-29 12:00:00-05:00,3.753
2019-12-29 13:00:00-05:00,3.5460000000000003
2019-12-29 14:00:00-05:00,3.048
2019-12-29 15:00:00-05:00,2.061
2019-12-29 16:00:00-05:00,1.297
2019-12-29 17:00:00-05:00,1.05
2019-12-29 18:00:00-05:00,0.796
2019-12-29 19:00:00-05:00,0.669
2019-12-29 20:00:00-05:00,0.756
2019-12-29 21:00:00-05:00,0.87
2019-12-29 22:00:00-05:00,0.927
2019-12-29 23:00:00-05:00,0.965
2019-12-30 00:00:00-05:00,0.992
2019-12-30 01:00:00-05:00,0.992
2019-12-30 02:00:00-05:00,0.9570000000000001
2019-12-30 03:00:00-05:00,0.872
2019-12-30 04:00:00-05:00,0.901
2019-12-30 05:00:00-05:00,0.853
2019-12-30 06:00:00-05:00,0.712
2019-12-30 07:00:00-05:00,0.674
2019-12-30 08:00:00-05:00,0.77
2019-12-30 09:00:00-05:00,0.803
2019-12-30 10:00:00-05:00,0.8150000000000001
2019-12-30 11:00:00-05:00,0.9550000000000001
2019-12-30 12:00:00-05:00,1.032
2019-12-30 13:00:00-05:00,0.976
2019-12-30 14:00:00-05:00,0.896
2019-12-30 15:00:00-05:00,0.812
2019-12-30 16:00:00-05:00,0.708
2019-12-30 17:00:00-05:00,0.638
2019-12-30 18:00:00-05:00,0.466
2019-12-30 19:00:00-05:00,0.354
2019-12-30 20:00:00-05:00,0.304
2019-12-30 21:00:00-05:00,0.278
2019-12-30 22:00:00-05:00,0.263
2019-12-30 23:00:00-05:00,0.242
2019-12-31 00:00:00-05:00,0.209
2019-12-31 01:00:00-05:00,0.189
2019-12-31 02:00:00-05:00,0.194
2019-12-31 03:00:00-05:00,0.199
2019-12-31 04:00:00-05:00,0.14100000000000001
2019-12-31 05:00:00-05:00,-0.012
2019-12-31 06:00:00-05:00,-0.20400000000000001
2019-12-31 07:00:00-05:00,-0.307
2019-12-31 08:00:00-05:00,-0.02
2019-12-31 09:00:00-05:00,0.534
2019-12-31 10:00:00-05:00,0.887
2019-12-31 11:00:00-05:00,1.238
2019-12-31 12:00:00-05:00,1.512
2019-12-31 13:00:00-05:00,1.788
2019-12-31 14:00:00-05:00,1.983
2019-12-31 15:00:00-05:00,1.5939999999999999
2019-12-31 16:00:00-05:00,0.017
2019-12-31 17:00:00-05:00,-0.329
2019-12-31 18:00:00-05:00,-0.038
